	AUPR	AUC	F1
0	0.7902636310666225	0.9686015467126119	0.7430683918669131
1	0.7945205516560837	0.9684731927213437	0.752
2	0.789900886360014	0.9684506146812822	0.7455329636475663
3	0.7901065712268978	0.9683540243883753	0.7361282367447596
4	0.7961599974902684	0.9684918651893647	0.7443006777572396
5	0.7879583213803304	0.9683651799087287	0.7373612823674476
6	0.7801268219133494	0.9683592705116635	0.7455329636475663
7	0.799688443488906	0.9687057839256454	0.7595561035758323
8	0.7915169409793286	0.968461920802879	0.7472256473489519
9	0.7931660992258753	0.9685537441277016	0.7487684729064039
10	0.7906563489645451	0.9684659563149625	0.7507692307692307
11	0.7962212749724819	0.9684290149276368	0.745608327911516
12	0.7808715262986219	0.9683305711554504	0.74060382008626
13	0.7977096953240328	0.9686411693397668	0.7492298213185459
14	0.7845622598588178	0.9684611890446722	0.7404033832140533
15	0.7951175595800682	0.968586909773057	0.7467652495378928
16	0.7805467790124853	0.9684639661739967	0.7384435342305442
17	0.7901776868164576	0.9684683091464448	0.7479975354282193
18	0.7985264364600319	0.9685723002424016	0.7503075030750308
19	0.7958059247277882	0.9685578684514029	0.749691738594328
20	0.7916642184160554	0.977613570771981	0.7484586929716399
21	0.7863307783954534	0.9774966117636852	0.750924784217016
22	0.7772759320719492	0.977538833433599	0.7479975354282193
23	0.7920034023012403	0.9774883223871392	0.7472256473489519
24	0.7865135811958104	0.9774626185198627	0.7426108374384236
25	0.7708921020851418	0.9773302698834252	0.7459926017262639
26	0.7827872533391558	0.9773879767730399	0.7384615384615385
27	0.7952997850222645	0.9776808874542603	0.7566235366605052
28	0.8037378944573872	0.9776897928093438	0.7640172520024646
29	0.7906994579775317	0.9776061704148327	0.7541589648798521
30	0.7767387672570891	0.9774472564197425	0.7485380116959064
31	0.7879339785853634	0.9775480328685885	0.7487684729064039
32	0.7822019046859815	0.9774956337575155	0.7438423645320197
33	0.7881709685050868	0.9776663531000506	0.7524630541871922
34	0.7851421408776054	0.9775828334057368	0.7443006777572396
35	0.7872297629278013	0.9775520546758736	0.7467652495378928
36	0.7859384250364936	0.9774655799847425	0.7470769230769231
37	0.7865107624363428	0.9775303930668108	0.749691738594328
38	0.7947171890881433	0.9776278932559039	0.7498375568551007
39	0.7937779658254113	0.977626019368395	0.7578558225508318
40	0.7879323803857832	0.9764046269602945	0.7438423645320197
41	0.7959147303539469	0.9762094833320172	0.7467652495378928
42	0.7887070072402967	0.976193348219433	0.7435265104808878
43	0.7910579201448704	0.9761839849217768	0.7393715341959335
44	0.7941661079241702	0.9762313157266868	0.7443006777572396
45	0.7757631766026141	0.9760399882423076	0.7302516091281451
46	0.7816658655920834	0.97596826721632	0.7388758782201406
47	0.7980318561158226	0.9763028726565559	0.7546239210850801
48	0.7925967871451463	0.97616499073908	0.7422934648581998
49	0.7972781533235747	0.9762513628816395	0.749691738594328
50	0.7854150866677585	0.9761332751585727	0.7463054187192119
51	0.7950765754021165	0.9763678636102999	0.7450738916256158
52	0.7913802231369984	0.9761304092547525	0.7418361059765866
53	0.7942616641358747	0.9763059231463754	0.7467652495378928
54	0.792176361086926	0.9762355289939378	0.7422934648581998
55	0.7904633019548215	0.9762674975492802	0.7472256473489519
56	0.7977962991616812	0.9761715706886605	0.7475369458128078
57	0.7930782253174212	0.9762238330494243	0.7492298213185459
58	0.7908960690919142	0.9761825278554743	0.7433398310591293
59	0.7965682658977846	0.9764337848377856	0.7558569667077681
60	0.7864460689813806	0.9721520963443648	0.7332101047443007
61	0.7698186742730073	0.9720305889299389	0.7324290998766955
62	0.7814815653546449	0.972162171180485	0.7369069624152803
63	0.782710976034064	0.9720707995637117	0.7324290998766955
64	0.7822094733299855	0.9722294876415127	0.7410604192355117
65	0.7711436135509494	0.9719353937982466	0.7224824355971897
66	0.7773851972369326	0.9719720273226149	0.729513247073321
67	0.7837398902901332	0.9721311326870442	0.7423887587822015
68	0.7924733207580157	0.9723114479427273	0.7459926017262639
69	0.7799315582071014	0.9720313071631199	0.7373612823674476
70	0.7733090458411609	0.9719761313003056	0.7302955665024631
71	0.7872870986059586	0.9721127749414818	0.7349327091866589
72	0.7815946768330094	0.9721240468116706	0.7372732592159157
73	0.7893756913844241	0.9722407253541442	0.7428236672524897
74	0.7823843994192018	0.9720535429430285	0.7307455329636475
75	0.7832108234779843	0.9721612138910251	0.7369069624152803
76	0.7795419266917698	0.9721531769179286	0.7375803623611923
77	0.7867541890681232	0.9722440016495378	0.7443006777572396
78	0.7785423196791758	0.972144244561244	0.7318501170960188
79	0.7855284228452121	0.9721046766592568	0.7479975354282193
80	0.7807947967404634	0.9662326277921273	0.7401477832512315
81	0.7845281267307354	0.966194407994746	0.75
82	0.7792532824832639	0.9662108600014283	0.7421538461538462
83	0.7770423304821349	0.9658709558574746	0.7364532019704434
84	0.7776353892192795	0.9660166632417138	0.7409230769230769
85	0.7614000436109937	0.9658098493394591	0.7273846153846154
86	0.7708368012083586	0.9658439408666587	0.7310769230769231
87	0.7867608430428922	0.9662202223349433	0.7403508771929824
88	0.7779738979666841	0.9661589179471763	0.7415204678362574
89	0.7787887183981332	0.9661276513815067	0.7463054187192119
90	0.7755271298026275	0.9659990035281214	0.7473878303626306
91	0.7866386093690756	0.9660849691144078	0.7438423645320197
92	0.7808876991198692	0.9660505432263018	0.7396923076923076
93	0.7878108999457067	0.966295945457418	0.75
94	0.7746024682187735	0.9660608537804998	0.732943469785575
95	0.7829616713020984	0.9662709702864709	0.7368421052631579
96	0.77412724780508	0.9659536325561632	0.7358722358722358
97	0.7798432361869472	0.9661531993743278	0.7472384665367121
98	0.7863443513112283	0.9661686006974362	0.7433846153846154
99	0.7752443625523625	0.9661007318205297	0.7376847290640394
