9.831456571331429473e-01 9.752760006109741919e-01 9.528301886792452935e-01 9.547101259231567383e-01 9.148550629615783691e-01 9.945651888847351074e-01 9.940944910049438477e-01
9.833077355670791775e-01 9.755090133979077427e-01 9.471698113207547287e-01 9.492753744125366211e-01 9.094203114509582520e-01 9.891304373741149902e-01 9.881889820098876953e-01
9.824571766218586077e-01 9.741388307108100886e-01 9.448082319925164008e-01 9.465579986572265625e-01 9.148550629615783691e-01 9.782608747482299805e-01 9.767891764640808105e-01
9.830004504966858292e-01 9.749527351252968987e-01 9.530075187969925254e-01 9.547101259231567383e-01 9.184782505035400391e-01 9.909420013427734375e-01 9.902343750000000000e-01
9.817105671155204050e-01 9.734906609035759439e-01 9.470699432892250025e-01 9.492753744125366211e-01 9.076086878776550293e-01 9.909420013427734375e-01 9.901185631752014160e-01
9.824441821920348872e-01 9.742340061386614014e-01 9.508506616257088595e-01 9.528985619544982910e-01 9.112318754196166992e-01 9.945651888847351074e-01 9.940711259841918945e-01
9.824905402172987579e-01 9.742701075450499459e-01 9.507575757575758013e-01 9.528985619544982910e-01 9.094203114509582520e-01 9.963768124580383301e-01 9.960317611694335938e-01
9.831460195206762620e-01 9.760784182735607883e-01 9.465791940018744022e-01 9.483695626258850098e-01 9.148550629615783691e-01 9.818840622901916504e-01 9.805825352668762207e-01
9.820910271241114486e-01 9.731493468812573155e-01 9.504209541627689495e-01 9.519927501678466797e-01 9.202898740768432617e-01 9.836956262588500977e-01 9.825918674468994141e-01
9.810439822757928141e-01 9.723764651445460094e-01 9.453860640301318119e-01 9.474637508392333984e-01 9.094203114509582520e-01 9.855072498321533203e-01 9.843137264251708984e-01
9.830688995120251406e-01 9.750823695118278067e-01 9.539040451552210920e-01 9.556159377098083496e-01 9.184782505035400391e-01 9.927536249160766602e-01 9.921721816062927246e-01
9.826885443452457736e-01 9.749330446403489114e-01 9.521126760563379809e-01 9.538043737411499023e-01 9.184782505035400391e-01 9.891304373741149902e-01 9.883040785789489746e-01
9.824720675068796538e-01 9.746278310032454595e-01 9.512195121951219079e-01 9.528985619544982910e-01 9.184782505035400391e-01 9.873188138008117676e-01 9.863813519477844238e-01
9.819168269481277633e-01 9.730886323468581622e-01 9.530075187969925254e-01 9.547101259231567383e-01 9.184782505035400391e-01 9.909420013427734375e-01 9.902343750000000000e-01
9.830198670309471254e-01 9.749363268729757115e-01 9.522024367385192312e-01 9.538043737411499023e-01 9.202898740768432617e-01 9.873188138008117676e-01 9.864077568054199219e-01
9.828237869392282278e-01 9.748083337189576980e-01 9.512195121951219079e-01 9.528985619544982910e-01 9.184782505035400391e-01 9.873188138008117676e-01 9.863813519477844238e-01
9.818147126459582097e-01 9.735284024563605199e-01 9.439252336448598069e-01 9.456521868705749512e-01 9.148550629615783691e-01 9.764492511749267578e-01 9.749034643173217773e-01
9.829159973330892086e-01 9.748936616538534938e-01 9.486461251167133124e-01 9.501811861991882324e-01 9.202898740768432617e-01 9.800724387168884277e-01 9.788054227828979492e-01
9.831730136739249559e-01 9.751955943886660982e-01 9.530075187969925254e-01 9.547101259231567383e-01 9.184782505035400391e-01 9.909420013427734375e-01 9.902343750000000000e-01
9.822830863825995351e-01 9.740321705991192847e-01 9.498580889309365949e-01 9.519927501678466797e-01 9.094203114509582520e-01 9.945651888847351074e-01 9.940593838691711426e-01
9.958469099868185737e-01 9.945602782720976975e-01 9.702970297029702706e-01 9.701086878776550293e-01 9.764492511749267578e-01 9.637681245803833008e-01 9.642218351364135742e-01
9.965022891500687763e-01 9.952921355472619247e-01 9.763636363636363225e-01 9.764492511749267578e-01 9.728260636329650879e-01 9.800724387168884277e-01 9.799270033836364746e-01
9.955865338888845173e-01 9.942911651733321587e-01 9.709618874773139341e-01 9.710144996643066406e-01 9.692028760910034180e-01 9.728260636329650879e-01 9.727272987365722656e-01
9.964882499735043808e-01 9.952675218359064990e-01 9.771689497716894435e-01 9.773550629615783691e-01 9.692028760910034180e-01 9.855072498321533203e-01 9.852670431137084961e-01
9.948474334652832596e-01 9.934936692165832195e-01 9.680948040109389474e-01 9.682971239089965820e-01 9.619565010070800781e-01 9.746376872062683105e-01 9.743119478225708008e-01
9.961590565608471337e-01 9.948129825351981204e-01 9.791099000908265459e-01 9.791666865348815918e-01 9.764492511749267578e-01 9.818840622901916504e-01 9.817850589752197266e-01
9.958591589667449284e-01 9.945422290302110557e-01 9.738030713640469793e-01 9.737318754196166992e-01 9.764492511749267578e-01 9.710144996643066406e-01 9.711712002754211426e-01
9.947357875868227950e-01 9.934969513492424298e-01 9.646418857660924440e-01 9.646739363670349121e-01 9.637681245803833008e-01 9.655796885490417480e-01 9.655172228813171387e-01
9.952386500741692288e-01 9.939219548181352781e-01 9.680948040109389474e-01 9.682971239089965820e-01 9.619565010070800781e-01 9.746376872062683105e-01 9.743119478225708008e-01
9.954229778133285578e-01 9.941237902113164715e-01 9.698630136986301498e-01 9.701086878776550293e-01 9.619565010070800781e-01 9.782608747482299805e-01 9.779005646705627441e-01
9.963680917800914472e-01 9.951460928645419202e-01 9.738503155996393046e-01 9.737318754196166992e-01 9.782608747482299805e-01 9.692028760910034180e-01 9.694793820381164551e-01
9.958717273461274999e-01 9.947161683718542813e-01 9.764492753623188470e-01 9.764492511749267578e-01 9.764492511749267578e-01 9.764492511749267578e-01 9.764492511749267578e-01
9.959480918659711079e-01 9.946587349822713087e-01 9.744990892531876225e-01 9.746376872062683105e-01 9.692028760910034180e-01 9.800724387168884277e-01 9.798534512519836426e-01
9.954504520037357196e-01 9.940696391319692182e-01 9.753874202370099722e-01 9.755434989929199219e-01 9.692028760910034180e-01 9.818840622901916504e-01 9.816513657569885254e-01
9.957091066349228470e-01 9.944125946820631112e-01 9.729241877256317172e-01 9.728260636329650879e-01 9.764492511749267578e-01 9.692028760910034180e-01 9.694244861602783203e-01
9.968183268140045072e-01 9.956580644847397021e-01 9.799999999999999822e-01 9.800724387168884277e-01 9.764492511749267578e-01 9.836956262588500977e-01 9.835766553878784180e-01
9.961877635772857786e-01 9.949065174513793686e-01 9.791477787851314840e-01 9.791666865348815918e-01 9.782608747482299805e-01 9.800724387168884277e-01 9.800363183021545410e-01
9.956498685845645014e-01 9.942763970623438308e-01 9.734675205855444213e-01 9.737318754196166992e-01 9.637681245803833008e-01 9.836956262588500977e-01 9.833641648292541504e-01
9.961701561534201943e-01 9.948720574234517500e-01 9.773345421577516179e-01 9.773550629615783691e-01 9.764492511749267578e-01 9.782608747482299805e-01 9.782214164733886719e-01
9.960863736375120681e-01 9.948605693066245870e-01 9.791099000908265459e-01 9.791666865348815918e-01 9.764492511749267578e-01 9.818840622901916504e-01 9.817850589752197266e-01
9.948616696740888443e-01 9.933738788090391569e-01 9.723247232472325141e-01 9.728260636329650879e-01 9.547101259231567383e-01 9.909420013427734375e-01 9.906014800071716309e-01
9.946697423312205188e-01 9.930916389532800093e-01 9.714811407543698651e-01 9.719203114509582520e-01 9.565217494964599609e-01 9.873188138008117676e-01 9.869158864021301270e-01
9.943517142830078370e-01 9.927388367019335247e-01 9.717411121239745153e-01 9.719203114509582520e-01 9.655796885490417480e-01 9.782608747482299805e-01 9.779816269874572754e-01
9.951940672735020144e-01 9.936134552855448998e-01 9.752973467520585915e-01 9.755434989929199219e-01 9.655796885490417480e-01 9.855072498321533203e-01 9.852125644683837891e-01
9.939398680107700557e-01 9.922367088692300996e-01 9.682107175295185941e-01 9.682971239089965820e-01 9.655796885490417480e-01 9.710144996643066406e-01 9.708561301231384277e-01
9.942921038280516655e-01 9.925287960251881758e-01 9.726277372262773779e-01 9.728260636329650879e-01 9.655796885490417480e-01 9.800724387168884277e-01 9.797794222831726074e-01
9.943263041594843088e-01 9.925862287951545682e-01 9.687500000000000000e-01 9.692028760910034180e-01 9.547101259231567383e-01 9.836956262588500977e-01 9.832089543342590332e-01
9.943142574225056762e-01 9.926190492321911307e-01 9.714285714285714191e-01 9.719203114509582520e-01 9.547101259231567383e-01 9.891304373741149902e-01 9.887429475784301758e-01
9.943000982428582546e-01 9.925501288578779668e-01 9.716894977168949454e-01 9.719203114509582520e-01 9.637681245803833008e-01 9.800724387168884277e-01 9.797421693801879883e-01
9.936836398272248516e-01 9.919659550833261896e-01 9.678604224058769967e-01 9.682971239089965820e-01 9.547101259231567383e-01 9.818840622901916504e-01 9.813780188560485840e-01
9.948104169480949110e-01 9.931884535578205941e-01 9.732718894009216859e-01 9.737318754196166992e-01 9.565217494964599609e-01 9.909420013427734375e-01 9.906191229820251465e-01
9.949222438699010240e-01 9.935609457343932416e-01 9.726277372262773779e-01 9.728260636329650879e-01 9.655796885490417480e-01 9.800724387168884277e-01 9.797794222831726074e-01
9.947779544627604054e-01 9.931654801932148224e-01 9.743589743589743390e-01 9.746376872062683105e-01 9.637681245803833008e-01 9.855072498321533203e-01 9.851852059364318848e-01
9.939465765818180643e-01 9.920086215062521307e-01 9.714811407543698651e-01 9.719203114509582520e-01 9.565217494964599609e-01 9.873188138008117676e-01 9.869158864021301270e-01
9.945120512800631474e-01 9.929242620320282153e-01 9.723247232472325141e-01 9.728260636329650879e-01 9.547101259231567383e-01 9.909420013427734375e-01 9.906014800071716309e-01
9.939216584217582806e-01 9.922613242264253230e-01 9.687500000000000000e-01 9.692028760910034180e-01 9.547101259231567383e-01 9.836956262588500977e-01 9.832089543342590332e-01
9.942450379074045941e-01 9.924746460138249571e-01 9.702048417132216329e-01 9.710144996643066406e-01 9.438405632972717285e-01 9.981883764266967773e-01 9.980843067169189453e-01
9.945950032195547408e-01 9.928537033014163127e-01 9.725776965265082730e-01 9.728260636329650879e-01 9.637681245803833008e-01 9.818840622901916504e-01 9.815497994422912598e-01
9.944462255897654757e-01 9.927601687711760103e-01 9.761904761904761640e-01 9.764492511749267578e-01 9.655796885490417480e-01 9.873188138008117676e-01 9.870370626449584961e-01
9.944056431784638050e-01 9.926436620894116825e-01 9.708561020036430289e-01 9.710144996643066406e-01 9.655796885490417480e-01 9.764492511749267578e-01 9.761904478073120117e-01
9.969507233126631007e-01 9.962619363065953193e-01 9.781818181818181523e-01 9.782608747482299805e-01 9.746376872062683105e-01 9.818840622901916504e-01 9.817517995834350586e-01
9.971827473113314966e-01 9.965556633470168402e-01 9.818181818181818121e-01 9.818840622901916504e-01 9.782608747482299805e-01 9.855072498321533203e-01 9.854014515876770020e-01
9.968670375153187990e-01 9.961027654475430593e-01 9.782608695652174058e-01 9.782608747482299805e-01 9.782608747482299805e-01 9.782608747482299805e-01 9.782608747482299805e-01
9.975786032848752427e-01 9.969609756826628422e-01 9.835766423357664712e-01 9.836956262588500977e-01 9.764492511749267578e-01 9.909420013427734375e-01 9.908088445663452148e-01
9.968845777930663843e-01 9.961618379075227736e-01 9.764492753623188470e-01 9.764492511749267578e-01 9.764492511749267578e-01 9.764492511749267578e-01 9.764492511749267578e-01
9.967516788131227656e-01 9.960486142796184383e-01 9.778597785977859447e-01 9.782608747482299805e-01 9.601449370384216309e-01 9.963768124580383301e-01 9.962406158447265625e-01
9.968222549231349205e-01 9.961454300052906552e-01 9.791477787851314840e-01 9.791666865348815918e-01 9.782608747482299805e-01 9.800724387168884277e-01 9.800363183021545410e-01
9.968842200375185314e-01 9.962701414273484879e-01 9.755213055303717518e-01 9.755434989929199219e-01 9.746376872062683105e-01 9.764492511749267578e-01 9.764065146446228027e-01
9.968329382012584006e-01 9.960929204794461977e-01 9.791099000908265459e-01 9.791666865348815918e-01 9.764492511749267578e-01 9.818840622901916504e-01 9.817850589752197266e-01
9.966319076055416559e-01 9.958992892288769383e-01 9.755213055303717518e-01 9.755434989929199219e-01 9.746376872062683105e-01 9.764492511749267578e-01 9.764065146446228027e-01
9.972744980349474986e-01 9.965851997731405287e-01 9.815498154981550094e-01 9.818840622901916504e-01 9.637681245803833008e-01 1.000000000000000000e+00 1.000000000000000000e+00
9.970868613536723046e-01 9.964916671127170833e-01 9.791099000908265459e-01 9.791666865348815918e-01 9.764492511749267578e-01 9.818840622901916504e-01 9.817850589752197266e-01
9.971393784417834638e-01 9.964375152817315229e-01 9.788797061524334708e-01 9.791666865348815918e-01 9.655796885490417480e-01 9.927536249160766602e-01 9.925512075424194336e-01
9.965145858600461537e-01 9.956367386681809206e-01 9.817518248175182149e-01 9.818840622901916504e-01 9.746376872062683105e-01 9.891304373741149902e-01 9.889705777168273926e-01
9.968217619808079633e-01 9.960896373100138756e-01 9.799999999999999822e-01 9.800724387168884277e-01 9.764492511749267578e-01 9.836956262588500977e-01 9.835766553878784180e-01
9.968777744999979262e-01 9.961962980510246091e-01 9.782608695652174058e-01 9.782608747482299805e-01 9.782608747482299805e-01 9.782608747482299805e-01 9.782608747482299805e-01
9.968130640008840970e-01 9.961060479332453088e-01 9.778597785977859447e-01 9.782608747482299805e-01 9.601449370384216309e-01 9.963768124580383301e-01 9.962406158447265625e-01
9.970386924765417547e-01 9.962488081133917817e-01 9.817850637522769208e-01 9.818840622901916504e-01 9.764492511749267578e-01 9.873188138008117676e-01 9.871794581413269043e-01
9.967680507680825031e-01 9.959370296837278813e-01 9.782214156079854783e-01 9.782608747482299805e-01 9.764492511749267578e-01 9.800724387168884277e-01 9.800000190734863281e-01
9.968588868908678791e-01 9.962012210496623554e-01 9.791477787851314840e-01 9.791666865348815918e-01 9.782608747482299805e-01 9.800724387168884277e-01 9.800363183021545410e-01
9.947266910060523770e-01 9.924665259051237420e-01 9.716376944190301401e-01 9.720720648765563965e-01 9.567567706108093262e-01 9.873873591423034668e-01 9.869888424873352051e-01
9.948874359554054081e-01 9.924957439181124608e-01 9.736123748862602900e-01 9.738738536834716797e-01 9.639639854431152344e-01 9.837837815284729004e-01 9.834558963775634766e-01
9.945045990257224133e-01 9.920331172075198545e-01 9.711711711711711326e-01 9.711712002754211426e-01 9.711712002754211426e-01 9.711712002754211426e-01 9.711712002754211426e-01
9.947647472599250307e-01 9.923350421903016638e-01 9.735159817351598521e-01 9.738738536834716797e-01 9.603603482246398926e-01 9.873873591423034668e-01 9.870370626449584961e-01
9.940009628612234138e-01 9.915688711383642273e-01 9.682683590208521762e-01 9.684684872627258301e-01 9.621621370315551758e-01 9.747747778892517090e-01 9.744525551795959473e-01
9.941040684233151126e-01 9.916273080067296020e-01 9.717925386715196012e-01 9.720720648765563965e-01 9.621621370315551758e-01 9.819819927215576172e-01 9.816176295280456543e-01
9.945625555025703335e-01 9.921126565571870559e-01 9.696969696969697239e-01 9.702702760696411133e-01 9.513513445854187012e-01 9.891892075538635254e-01 9.887640476226806641e-01
9.945745962636536319e-01 9.923171874775694734e-01 9.713261648745519228e-01 9.711712002754211426e-01 9.765765666961669922e-01 9.657657742500305176e-01 9.661319255828857422e-01
9.940194711309171538e-01 9.915364042073337991e-01 9.683257918552036214e-01 9.684684872627258301e-01 9.639639854431152344e-01 9.729729890823364258e-01 9.727272987365722656e-01
9.936999680731375406e-01 9.913059035274920383e-01 9.673321234119782730e-01 9.675675630569458008e-01 9.603603482246398926e-01 9.747747778892517090e-01 9.744058251380920410e-01
9.951671114524121009e-01 9.928447410275494933e-01 9.748201438848921319e-01 9.747747778892517090e-01 9.765765666961669922e-01 9.729729890823364258e-01 9.730700254440307617e-01
9.948154567120859326e-01 9.925769056149638114e-01 9.721973094170404117e-01 9.720720648765563965e-01 9.765765666961669922e-01 9.675675630569458008e-01 9.678571224212646484e-01
9.945983159800029227e-01 9.923545205976986860e-01 9.709618874773139341e-01 9.711712002754211426e-01 9.639639854431152344e-01 9.783783555030822754e-01 9.780621528625488281e-01
9.942503172045871196e-01 9.916808739438027764e-01 9.695885509838998439e-01 9.693693518638610840e-01 9.765765666961669922e-01 9.621621370315551758e-01 9.626998305320739746e-01
9.941308433847595438e-01 9.917880082041516943e-01 9.682107175295185941e-01 9.684684872627258301e-01 9.603603482246398926e-01 9.765765666961669922e-01 9.761904478073120117e-01
9.949355505585248949e-01 9.925509332024937681e-01 9.764492753623188470e-01 9.765765666961669922e-01 9.711712002754211426e-01 9.819819927215576172e-01 9.817850589752197266e-01
9.942558703320045765e-01 9.918643008290009000e-01 9.704565801253357549e-01 9.702702760696411133e-01 9.765765666961669922e-01 9.639639854431152344e-01 9.644128084182739258e-01
9.953534977445475107e-01 9.929551214707037499e-01 9.783393501805054404e-01 9.783783555030822754e-01 9.765765666961669922e-01 9.801802039146423340e-01 9.801084995269775391e-01
9.947818790840283754e-01 9.923983482078582163e-01 9.726277372262773779e-01 9.729729890823364258e-01 9.603603482246398926e-01 9.855855703353881836e-01 9.852125644683837891e-01
9.942081720024944502e-01 9.918091101300152701e-01 9.709618874773139341e-01 9.711712002754211426e-01 9.639639854431152344e-01 9.783783555030822754e-01 9.780621528625488281e-01
