9.783404478970851859e-01 9.914973137929725677e-01 9.513108614232209659e-01 9.914361238479614258e-01 9.202898740768432617e-01 9.985507130622863770e-01 9.844961166381835938e-01
9.788196711294210317e-01 9.914443117698519270e-01 9.494382022471909988e-01 9.911067485809326172e-01 9.184782505035400391e-01 9.983695745468139648e-01 9.825581312179565430e-01
9.807112770208850083e-01 9.916797864259716544e-01 9.531835205992509330e-01 9.917654991149902344e-01 9.221014380455017090e-01 9.987319111824035645e-01 9.864341020584106445e-01
9.806400268343260507e-01 9.916655097585784784e-01 9.566854990583804064e-01 9.924242496490478516e-01 9.202898740768432617e-01 9.996376633644104004e-01 9.960784316062927246e-01
9.797244410746082099e-01 9.914999391179689647e-01 9.557021677662582704e-01 9.922595620155334473e-01 9.184782505035400391e-01 9.996376633644104004e-01 9.960707426071166992e-01
9.792555847468025210e-01 9.914009909065124582e-01 9.513108614232209659e-01 9.914361238479614258e-01 9.202898740768432617e-01 9.985507130622863770e-01 9.844961166381835938e-01
9.812032192854422963e-01 9.917165426451638455e-01 9.553072625698324494e-01 9.920948743820190430e-01 9.293478131294250488e-01 9.983695745468139648e-01 9.827586412429809570e-01
9.793552762374682086e-01 9.914347941367637196e-01 9.513108614232209659e-01 9.914361238479614258e-01 9.202898740768432617e-01 9.985507130622863770e-01 9.844961166381835938e-01
9.808979598355569429e-01 9.917052203447329628e-01 9.553072625698324494e-01 9.920948743820190430e-01 9.293478131294250488e-01 9.983695745468139648e-01 9.827586412429809570e-01
9.803780610576200427e-01 9.916162819389203742e-01 9.499999999999999556e-01 9.911067485809326172e-01 9.293478131294250488e-01 9.972826242446899414e-01 9.715909361839294434e-01
9.805155809578092185e-01 9.916236662837774052e-01 9.553072625698324494e-01 9.920948743820190430e-01 9.293478131294250488e-01 9.983695745468139648e-01 9.827586412429809570e-01
9.802993430799047392e-01 9.916742065687318419e-01 9.534450651769087459e-01 9.917654991149902344e-01 9.275362491607666016e-01 9.981883764266967773e-01 9.808428883552551270e-01
9.811719474060600632e-01 9.917460794016742520e-01 9.553072625698324494e-01 9.920948743820190430e-01 9.293478131294250488e-01 9.983695745468139648e-01 9.827586412429809570e-01
9.810941607806251685e-01 9.917165427293381796e-01 9.534450651769087459e-01 9.917654991149902344e-01 9.275362491607666016e-01 9.981883764266967773e-01 9.808428883552551270e-01
9.790697562575489954e-01 9.915081441755639879e-01 9.522024367385192312e-01 9.916008114814758301e-01 9.202898740768432617e-01 9.987319111824035645e-01 9.864077568054199219e-01
9.808894383388453431e-01 9.916937342546998657e-01 9.553072625698324494e-01 9.920948743820190430e-01 9.293478131294250488e-01 9.983695745468139648e-01 9.827586412429809570e-01
9.805066803591557800e-01 9.915591770548717321e-01 9.513108614232209659e-01 9.914361238479614258e-01 9.202898740768432617e-01 9.985507130622863770e-01 9.844961166381835938e-01
9.813246496520169337e-01 9.917262246178125684e-01 9.569990850869167787e-01 9.922595620155334473e-01 9.474637508392333984e-01 9.967391490936279297e-01 9.667282700538635254e-01
9.798457053243543324e-01 9.915823145392246296e-01 9.513108614232209659e-01 9.914361238479614258e-01 9.202898740768432617e-01 9.985507130622863770e-01 9.844961166381835938e-01
9.805047388811602982e-01 9.915791963198441472e-01 9.531835205992509330e-01 9.917654991149902344e-01 9.221014380455017090e-01 9.987319111824035645e-01 9.864341020584106445e-01
9.778257180870015830e-01 9.942568810025285142e-01 9.385474860335195624e-01 9.891304373741149902e-01 9.130434989929199219e-01 9.967391490936279297e-01 9.655172228813171387e-01
9.775138182596760927e-01 9.943197286080739383e-01 9.425070688030160460e-01 9.899538755416870117e-01 9.057971239089965820e-01 9.983695745468139648e-01 9.823182821273803711e-01
9.772701038905848847e-01 9.942767360472741789e-01 9.407407407407407662e-01 9.894598126411437988e-01 9.202898740768432617e-01 9.963768124580383301e-01 9.621211886405944824e-01
9.787730643936263242e-01 9.944974422484651466e-01 9.491525423728813804e-01 9.911067485809326172e-01 9.130434989929199219e-01 9.989130496978759766e-01 9.882352948188781738e-01
9.766079250223347330e-01 9.940975455925487037e-01 9.385474860335195624e-01 9.891304373741149902e-01 9.130434989929199219e-01 9.967391490936279297e-01 9.655172228813171387e-01
9.776750620297285366e-01 9.941484146277606015e-01 9.438202247191010974e-01 9.901185631752014160e-01 9.130434989929199219e-01 9.978260993957519531e-01 9.767441749572753906e-01
9.787162386046603935e-01 9.943832328640742624e-01 9.447047797563261629e-01 9.902832508087158203e-01 9.130434989929199219e-01 9.980072379112243652e-01 9.786407947540283203e-01
9.784734959953000910e-01 9.944797201481242466e-01 9.453860640301318119e-01 9.904479384422302246e-01 9.094203114509582520e-01 9.985507130622863770e-01 9.843137264251708984e-01
9.792032489074582458e-01 9.944442756508580228e-01 9.494382022471909988e-01 9.911067485809326172e-01 9.184782505035400391e-01 9.983695745468139648e-01 9.825581312179565430e-01
9.783619482469152473e-01 9.943558291427094797e-01 9.419475655430711303e-01 9.897891879081726074e-01 9.112318754196166992e-01 9.976449012756347656e-01 9.748061895370483398e-01
9.782680301964408187e-01 9.942189748927233728e-01 9.450549450549450281e-01 9.901185631752014160e-01 9.347826242446899414e-01 9.956521987915039062e-01 9.555555582046508789e-01
9.784565546289116789e-01 9.942773926120151984e-01 9.459962756052141541e-01 9.904479384422302246e-01 9.202898740768432617e-01 9.974637627601623535e-01 9.731800556182861328e-01
9.792708553476372479e-01 9.943175953866570937e-01 9.491525423728813804e-01 9.911067485809326172e-01 9.130434989929199219e-01 9.989130496978759766e-01 9.882352948188781738e-01
9.794619966489186424e-01 9.944979341394595274e-01 9.456928838951310645e-01 9.904479384422302246e-01 9.148550629615783691e-01 9.980072379112243652e-01 9.786821603775024414e-01
9.781032225915193834e-01 9.942552397952518772e-01 9.425925925925925375e-01 9.897891879081726074e-01 9.221014380455017090e-01 9.965579509735107422e-01 9.640151262283325195e-01
9.781269396549743256e-01 9.942969195518890357e-01 9.425925925925925375e-01 9.897891879081726074e-01 9.221014380455017090e-01 9.965579509735107422e-01 9.640151262283325195e-01
9.789326324896685527e-01 9.945474908427897054e-01 9.447047797563261629e-01 9.902832508087158203e-01 9.130434989929199219e-01 9.980072379112243652e-01 9.786407947540283203e-01
9.775877056209583138e-01 9.942746027653128760e-01 9.438202247191010974e-01 9.901185631752014160e-01 9.130434989929199219e-01 9.978260993957519531e-01 9.767441749572753906e-01
9.781779117619544550e-01 9.942685314481110037e-01 9.435028248587570276e-01 9.901185631752014160e-01 9.076086878776550293e-01 9.983695745468139648e-01 9.823529124259948730e-01
9.792339040069917289e-01 9.945967191110864913e-01 9.462770970782280466e-01 9.906126260757446289e-01 9.094203114509582520e-01 9.987319111824035645e-01 9.862475395202636719e-01
9.622268105936440108e-01 9.856652627760462693e-01 9.314285714285713835e-01 9.881423115730285645e-01 8.858695626258850098e-01 9.983695745468139648e-01 9.819276928901672363e-01
9.627517727444678819e-01 9.858580727418750911e-01 9.327014218009478386e-01 9.883069992065429688e-01 8.913043737411499023e-01 9.980072379112243652e-01 9.781312346458435059e-01
9.642750142209663977e-01 9.859036907985139209e-01 9.333333333333333481e-01 9.884716868400573730e-01 8.876811861991882324e-01 9.985507130622863770e-01 9.839357137680053711e-01
9.647459140294909474e-01 9.860840298914488322e-01 9.348659003831417680e-01 9.888010621070861816e-01 8.840579986572265625e-01 9.992753863334655762e-01 9.918699264526367188e-01
9.625201351359613522e-01 9.855257833747206320e-01 9.323164918970447967e-01 9.883069992065429688e-01 8.858695626258850098e-01 9.985507130622863770e-01 9.839034080505371094e-01
9.631899062071547224e-01 9.854110818286414553e-01 9.361296472831267534e-01 9.889657497406005859e-01 8.894927501678466797e-01 9.989130496978759766e-01 9.879275560379028320e-01
9.647622026113138460e-01 9.859314229922198081e-01 9.356060606060605522e-01 9.888010621070861816e-01 8.949275612831115723e-01 9.981883764266967773e-01 9.801587462425231934e-01
9.652815419591442847e-01 9.861619744800425025e-01 9.390476190476190199e-01 9.894598126411437988e-01 8.931159377098083496e-01 9.990941882133483887e-01 9.899598360061645508e-01
9.651688880581383856e-01 9.860508834019905411e-01 9.371428571428571663e-01 9.891304373741149902e-01 8.913043737411499023e-01 9.989130496978759766e-01 9.879518151283264160e-01
9.649245904005359087e-01 9.861055263681060001e-01 9.337121212121212155e-01 9.884716868400573730e-01 8.931159377098083496e-01 9.980072379112243652e-01 9.781746268272399902e-01
9.654918802784320242e-01 9.859762203871735853e-01 9.366852886405958589e-01 9.888010621070861816e-01 9.112318754196166992e-01 9.965579509735107422e-01 9.636015295982360840e-01
9.657260313066959867e-01 9.862497647055428196e-01 9.371428571428571663e-01 9.891304373741149902e-01 8.913043737411499023e-01 9.989130496978759766e-01 9.879518151283264160e-01
9.662466303239685139e-01 9.862366371831949863e-01 9.390476190476190199e-01 9.894598126411437988e-01 8.931159377098083496e-01 9.990941882133483887e-01 9.899598360061645508e-01
9.652644302711899105e-01 9.859583342276436735e-01 9.367816091954023205e-01 9.891304373741149902e-01 8.858695626258850098e-01 9.994565248489379883e-01 9.939024448394775391e-01
9.631596941184463745e-01 9.862348322204181894e-01 9.356060606060605522e-01 9.888010621070861816e-01 8.949275612831115723e-01 9.981883764266967773e-01 9.801587462425231934e-01
9.650615908411981358e-01 9.859798306052239836e-01 9.371428571428571663e-01 9.891304373741149902e-01 8.913043737411499023e-01 9.989130496978759766e-01 9.879518151283264160e-01
9.650787850488107278e-01 9.861468778729294282e-01 9.345971563981042562e-01 9.886363744735717773e-01 8.931159377098083496e-01 9.981883764266967773e-01 9.801192879676818848e-01
9.651243762129921855e-01 9.859452068596962215e-01 9.356060606060605522e-01 9.888010621070861816e-01 8.949275612831115723e-01 9.981883764266967773e-01 9.801587462425231934e-01
9.647161849214862528e-01 9.860679487125645348e-01 9.337121212121212155e-01 9.884716868400573730e-01 8.931159377098083496e-01 9.980072379112243652e-01 9.781746268272399902e-01
9.654450752094336785e-01 9.863426414886872218e-01 9.351851851851852304e-01 9.884716868400573730e-01 9.148550629615783691e-01 9.958333373069763184e-01 9.564393758773803711e-01
9.802490443483640181e-01 9.911537001134516078e-01 9.515828677839851535e-01 9.914361238479614258e-01 9.257246255874633789e-01 9.980072379112243652e-01 9.789271950721740723e-01
9.794352326232020900e-01 9.909477629883041150e-01 9.499999999999999556e-01 9.911067485809326172e-01 9.293478131294250488e-01 9.972826242446899414e-01 9.715909361839294434e-01
9.807492526994583404e-01 9.911141539162577896e-01 9.499999999999999556e-01 9.911067485809326172e-01 9.293478131294250488e-01 9.972826242446899414e-01 9.715909361839294434e-01
9.807756659243860309e-01 9.913123790240996325e-01 9.553072625698324494e-01 9.920948743820190430e-01 9.293478131294250488e-01 9.983695745468139648e-01 9.827586412429809570e-01
9.795784433433878391e-01 9.909666337501392697e-01 9.481481481481481843e-01 9.907773137092590332e-01 9.275362491607666016e-01 9.971014261245727539e-01 9.696969985961914062e-01
9.801483934546870724e-01 9.909374250441005394e-01 9.534450651769087459e-01 9.917654991149902344e-01 9.275362491607666016e-01 9.981883764266967773e-01 9.808428883552551270e-01
9.810964235592749549e-01 9.913138559936049976e-01 9.553072625698324494e-01 9.920948743820190430e-01 9.293478131294250488e-01 9.983695745468139648e-01 9.827586412429809570e-01
9.788251713516686880e-01 9.910506495308232244e-01 9.499999999999999556e-01 9.911067485809326172e-01 9.293478131294250488e-01 9.972826242446899414e-01 9.715909361839294434e-01
9.797716071835573803e-01 9.911112002312966185e-01 9.481481481481481843e-01 9.907773137092590332e-01 9.275362491607666016e-01 9.971014261245727539e-01 9.696969985961914062e-01
9.800283611995939115e-01 9.910959392834206572e-01 9.534450651769087459e-01 9.917654991149902344e-01 9.275362491607666016e-01 9.981883764266967773e-01 9.808428883552551270e-01
9.813900262256700646e-01 9.912739810245311256e-01 9.537037037037037202e-01 9.917654991149902344e-01 9.329710006713867188e-01 9.976449012756347656e-01 9.753788113594055176e-01
9.802225451977566451e-01 9.910760840417442985e-01 9.534450651769087459e-01 9.917654991149902344e-01 9.275362491607666016e-01 9.981883764266967773e-01 9.808428883552551270e-01
9.807739955881404903e-01 9.911366345000417466e-01 9.553072625698324494e-01 9.920948743820190430e-01 9.293478131294250488e-01 9.983695745468139648e-01 9.827586412429809570e-01
9.804194261382475073e-01 9.910017493374499997e-01 9.534450651769087459e-01 9.917654991149902344e-01 9.275362491607666016e-01 9.981883764266967773e-01 9.808428883552551270e-01
9.800367785021346645e-01 9.911812680824130251e-01 9.534450651769087459e-01 9.917654991149902344e-01 9.275362491607666016e-01 9.981883764266967773e-01 9.808428883552551270e-01
9.806765096432530360e-01 9.911916057616805276e-01 9.569288389513108672e-01 9.924242496490478516e-01 9.257246255874633789e-01 9.990941882133483887e-01 9.903100728988647461e-01
9.810838408300419644e-01 9.912789040366130067e-01 9.534450651769087459e-01 9.917654991149902344e-01 9.275362491607666016e-01 9.981883764266967773e-01 9.808428883552551270e-01
9.802916329244295568e-01 9.909490755075645030e-01 9.553072625698324494e-01 9.920948743820190430e-01 9.293478131294250488e-01 9.983695745468139648e-01 9.827586412429809570e-01
9.803849685214154341e-01 9.911057849760285254e-01 9.491211840888066353e-01 9.909420013427734375e-01 9.293478131294250488e-01 9.971014261245727539e-01 9.697542786598205566e-01
9.800840908824464126e-01 9.910690280017000475e-01 9.499999999999999556e-01 9.911067485809326172e-01 9.293478131294250488e-01 9.972826242446899414e-01 9.715909361839294434e-01
9.773159965311037922e-01 9.953969660278483289e-01 9.613259668508287170e-01 9.931203722953796387e-01 9.405405521392822266e-01 9.983783960342407227e-01 9.830508232116699219e-01
9.839320198943872775e-01 9.957294062279621327e-01 9.594843462246777088e-01 9.927927851676940918e-01 9.387387633323669434e-01 9.981982111930847168e-01 9.811676144599914551e-01
9.767803177924033742e-01 9.955268255586833259e-01 9.622119815668203069e-01 9.932841658592224121e-01 9.405405521392822266e-01 9.985585808753967285e-01 9.849056601524353027e-01
9.854734101968993798e-01 9.959699716513734646e-01 9.666666666666666741e-01 9.941031932830810547e-01 9.405405521392822266e-01 9.994594454765319824e-01 9.942857027053833008e-01
9.834383372518984423e-01 9.956084747767365295e-01 9.576427255985267006e-01 9.924651980400085449e-01 9.369369149208068848e-01 9.980180263519287109e-01 9.792843461036682129e-01
9.837172063188313054e-01 9.956641521147671092e-01 9.631675874769797252e-01 9.934480190277099609e-01 9.423423409461975098e-01 9.985585808753967285e-01 9.849340915679931641e-01
9.850708476427949556e-01 9.958110556190233886e-01 9.666666666666666741e-01 9.941031932830810547e-01 9.405405521392822266e-01 9.994594454765319824e-01 9.942857027053833008e-01
9.842233707021392775e-01 9.957349256666978565e-01 9.631675874769797252e-01 9.934480190277099609e-01 9.423423409461975098e-01 9.985585808753967285e-01 9.849340915679931641e-01
9.853483774739557610e-01 9.958170616830455124e-01 9.648148148148147918e-01 9.937756061553955078e-01 9.387387633323669434e-01 9.992792606353759766e-01 9.923809766769409180e-01
9.848424093041181493e-01 9.958285870621312874e-01 9.592592592592592560e-01 9.927927851676940918e-01 9.333333373069763184e-01 9.987387657165527344e-01 9.866666793823242188e-01
9.842284838424912863e-01 9.956802219853299052e-01 9.631675874769797252e-01 9.934480190277099609e-01 9.423423409461975098e-01 9.985585808753967285e-01 9.849340915679931641e-01
9.851514915120680449e-01 9.957944986909064156e-01 9.631675874769797252e-01 9.934480190277099609e-01 9.423423409461975098e-01 9.985585808753967285e-01 9.849340915679931641e-01
9.851094300972005335e-01 9.958550458471722155e-01 9.666666666666666741e-01 9.941031932830810547e-01 9.405405521392822266e-01 9.994594454765319824e-01 9.942857027053833008e-01
9.847465603191398742e-01 9.957341137623113569e-01 9.631675874769797252e-01 9.934480190277099609e-01 9.423423409461975098e-01 9.985585808753967285e-01 9.849340915679931641e-01
9.840897402125006188e-01 9.957274586575575182e-01 9.631675874769797252e-01 9.934480190277099609e-01 9.423423409461975098e-01 9.985585808753967285e-01 9.849340915679931641e-01
9.847603950440202425e-01 9.957131743057572315e-01 9.666666666666666741e-01 9.941031932830810547e-01 9.405405521392822266e-01 9.994594454765319824e-01 9.942857027053833008e-01
9.847915738784198680e-01 9.958597536164496278e-01 9.640552995391704627e-01 9.936118125915527344e-01 9.423423409461975098e-01 9.987387657165527344e-01 9.867924451828002930e-01
9.838056082394306401e-01 9.956540879508002373e-01 9.613259668508287170e-01 9.931203722953796387e-01 9.405405521392822266e-01 9.983783960342407227e-01 9.830508232116699219e-01
9.848525209128515812e-01 9.957581382137261627e-01 9.631675874769797252e-01 9.934480190277099609e-01 9.423423409461975098e-01 9.985585808753967285e-01 9.849340915679931641e-01
9.843030917444068884e-01 9.957409315469721856e-01 9.622119815668203069e-01 9.932841658592224121e-01 9.405405521392822266e-01 9.985585808753967285e-01 9.849056601524353027e-01
