8.981739088470215293e-01 9.741533361804188829e-01 9.054441260744985343e-01 9.982242584228515625e-01 8.586956262588500977e-01 9.996195435523986816e-01 9.575757384300231934e-01
8.955074296567487879e-01 9.744061384865883024e-01 8.931297709923664563e-01 9.979910850524902344e-01 8.478260636329650879e-01 9.994927644729614258e-01 9.435483813285827637e-01
9.007533459885646021e-01 9.742894188861443983e-01 8.978032473734479657e-01 9.980807900428771973e-01 8.514492511749267578e-01 9.995471239089965820e-01 9.494949579238891602e-01
8.979332472504919505e-01 9.742834785405189990e-01 8.967495219885277535e-01 9.980628490447998047e-01 8.496376872062683105e-01 9.995471239089965820e-01 9.493927359580993652e-01
9.000551676417014590e-01 9.743294414552883254e-01 8.950381679389313172e-01 9.980269670486450195e-01 8.496376872062683105e-01 9.995108842849731445e-01 9.455645084381103516e-01
8.953555401952877357e-01 9.742624091250422502e-01 9.024856596558317179e-01 9.981704950332641602e-01 8.550724387168884277e-01 9.996014237403869629e-01 9.554656147956848145e-01
8.929211522172819659e-01 9.741876643252405099e-01 8.986615678776290750e-01 9.980987310409545898e-01 8.514492511749267578e-01 9.995652437210083008e-01 9.514170289039611816e-01
8.950166519503027773e-01 9.741939001157280398e-01 8.967495219885277535e-01 9.980628490447998047e-01 8.496376872062683105e-01 9.995471239089965820e-01 9.493927359580993652e-01
8.968397613073765262e-01 9.741602443816039791e-01 8.967495219885277535e-01 9.980628490447998047e-01 8.496376872062683105e-01 9.995471239089965820e-01 9.493927359580993652e-01
8.990151027261266137e-01 9.742870888918206962e-01 8.948374760994264321e-01 9.980269670486450195e-01 8.478260636329650879e-01 9.995290040969848633e-01 9.473684430122375488e-01
8.961628467032450862e-01 9.742828387688517999e-01 8.958930276981852403e-01 9.980449080467224121e-01 8.496376872062683105e-01 9.995290040969848633e-01 9.474747180938720703e-01
9.023304553308859610e-01 9.742407981922730498e-01 9.024856596558317179e-01 9.981704950332641602e-01 8.550724387168884277e-01 9.996014237403869629e-01 9.554656147956848145e-01
8.989629091936264249e-01 9.742543684759041867e-01 8.939828080229226259e-01 9.980090260505676270e-01 8.478260636329650879e-01 9.995108842849731445e-01 9.454545378684997559e-01
8.971486869431315458e-01 9.743025791640878008e-01 8.939828080229226259e-01 9.980090260505676270e-01 8.478260636329650879e-01 9.995108842849731445e-01 9.454545378684997559e-01
8.948890839401145714e-01 9.743341507477882857e-01 8.939828080229226259e-01 9.980090260505676270e-01 8.478260636329650879e-01 9.995108842849731445e-01 9.454545378684997559e-01
9.011192228304218954e-01 9.743304752199455354e-01 8.950381679389313172e-01 9.980269670486450195e-01 8.496376872062683105e-01 9.995108842849731445e-01 9.455645084381103516e-01
8.993779222030586773e-01 9.741922263463619336e-01 8.997134670487105801e-01 9.981166720390319824e-01 8.532608747482299805e-01 9.995652437210083008e-01 9.515151381492614746e-01
8.985393184043025672e-01 9.741478225636547306e-01 8.939828080229226259e-01 9.980090260505676270e-01 8.478260636329650879e-01 9.995108842849731445e-01 9.454545378684997559e-01
9.017328972528787512e-01 9.742739614126771919e-01 9.043977055449330393e-01 9.982063174247741699e-01 8.568840622901916504e-01 9.996195435523986816e-01 9.574899077415466309e-01
8.960617504186347837e-01 9.743421751536535114e-01 8.950381679389313172e-01 9.980269670486450195e-01 8.496376872062683105e-01 9.995108842849731445e-01 9.455645084381103516e-01
9.421758156470561030e-01 9.946624268794349577e-01 9.177820267686424005e-01 9.984574317932128906e-01 8.695651888847351074e-01 9.997463822364807129e-01 9.716598987579345703e-01
9.360536388464033575e-01 9.946363360834461487e-01 9.101338432122371147e-01 9.983139634132385254e-01 8.623188138008117676e-01 9.996739029884338379e-01 9.635627269744873047e-01
9.323891830926529511e-01 9.945891756234743752e-01 9.024856596558317179e-01 9.981704950332641602e-01 8.550724387168884277e-01 9.996014237403869629e-01 9.554656147956848145e-01
9.384770201149242874e-01 9.946689743995300592e-01 9.186602870813397326e-01 9.984753727912902832e-01 8.695651888847351074e-01 9.997645020484924316e-01 9.736308455467224121e-01
9.348928774374014594e-01 9.944999250237458455e-01 9.052631578947368807e-01 9.982242584228515625e-01 8.568840622901916504e-01 9.996376633644104004e-01 9.594320654869079590e-01
9.400662215693094126e-01 9.946386828156041915e-01 9.167464114832536426e-01 9.984394907951354980e-01 8.677536249160766602e-01 9.997463822364807129e-01 9.716024398803710938e-01
9.307316007767505450e-01 9.945124783220691267e-01 9.043977055449330393e-01 9.982063174247741699e-01 8.568840622901916504e-01 9.996195435523986816e-01 9.574899077415466309e-01
9.336435544505028439e-01 9.945432622585459459e-01 9.090909090909090606e-01 9.982960224151611328e-01 8.605072498321533203e-01 9.996739029884338379e-01 9.634888172149658203e-01
9.376854029494281484e-01 9.945869930942822235e-01 9.167464114832536426e-01 9.984394907951354980e-01 8.677536249160766602e-01 9.997463822364807129e-01 9.716024398803710938e-01
9.407268375871284949e-01 9.946582590328193474e-01 9.129186602870813516e-01 9.983677864074707031e-01 8.641304373741149902e-01 9.997101426124572754e-01 9.675456285476684570e-01
9.322000613323222495e-01 9.946212230344126937e-01 9.071770334928229707e-01 9.982601404190063477e-01 8.586956262588500977e-01 9.996557831764221191e-01 9.614604711532592773e-01
9.420482874868014722e-01 9.946027461338110554e-01 9.167464114832536426e-01 9.984394907951354980e-01 8.677536249160766602e-01 9.997463822364807129e-01 9.716024398803710938e-01
9.401343977412792707e-01 9.946225028614190666e-01 9.110047846889952616e-01 9.983319044113159180e-01 8.623188138008117676e-01 9.996920228004455566e-01 9.655172228813171387e-01
9.388075482554045781e-01 9.946467888098888821e-01 9.110047846889952616e-01 9.983319044113159180e-01 8.623188138008117676e-01 9.996920228004455566e-01 9.655172228813171387e-01
9.324593255141681025e-01 9.945240959360501787e-01 9.158699808795410791e-01 9.984216094017028809e-01 8.677536249160766602e-01 9.997282624244689941e-01 9.696356058120727539e-01
9.372278759980868790e-01 9.945980365541470247e-01 9.158699808795410791e-01 9.984216094017028809e-01 8.677536249160766602e-01 9.997282624244689941e-01 9.696356058120727539e-01
9.388494568282447217e-01 9.946451149794024449e-01 9.148325358851674416e-01 9.984036684036254883e-01 8.659420013427734375e-01 9.997282624244689941e-01 9.695740342140197754e-01
9.397700580575611973e-01 9.946563064226674467e-01 9.186602870813397326e-01 9.984753727912902832e-01 8.695651888847351074e-01 9.997645020484924316e-01 9.736308455467224121e-01
9.381835516347648563e-01 9.946475763123724390e-01 9.186602870813397326e-01 9.984753727912902832e-01 8.695651888847351074e-01 9.997645020484924316e-01 9.736308455467224121e-01
9.391161134880423589e-01 9.946748160392961946e-01 9.063097514340344718e-01 9.982421994209289551e-01 8.586956262588500977e-01 9.996376633644104004e-01 9.595141410827636719e-01
9.365610343982109232e-01 9.926132880911296974e-01 9.149952244508118282e-01 9.984036684036254883e-01 8.677536249160766602e-01 9.997101426124572754e-01 9.676767587661743164e-01
9.333988830827157912e-01 9.926268586403388383e-01 9.158699808795410791e-01 9.984216094017028809e-01 8.677536249160766602e-01 9.997282624244689941e-01 9.696356058120727539e-01
9.337616862376050264e-01 9.926815511630158184e-01 9.101338432122371147e-01 9.983139634132385254e-01 8.623188138008117676e-01 9.996739029884338379e-01 9.635627269744873047e-01
9.400328945286332560e-01 9.926543937999989797e-01 9.158699808795410791e-01 9.984216094017028809e-01 8.677536249160766602e-01 9.997282624244689941e-01 9.696356058120727539e-01
9.358316650875618814e-01 9.925887889596591851e-01 9.092645654250238740e-01 9.982960224151611328e-01 8.623188138008117676e-01 9.996557831764221191e-01 9.616161584854125977e-01
9.409952663559726371e-01 9.926981080178368666e-01 9.177820267686424005e-01 9.984574317932128906e-01 8.695651888847351074e-01 9.997463822364807129e-01 9.716598987579345703e-01
9.360389238843385140e-01 9.926569534830580466e-01 9.139579349904397576e-01 9.983857274055480957e-01 8.659420013427734375e-01 9.997101426124572754e-01 9.676113128662109375e-01
9.374925231647700530e-01 9.925731837295231896e-01 9.158699808795410791e-01 9.984216094017028809e-01 8.677536249160766602e-01 9.997282624244689941e-01 9.696356058120727539e-01
9.413712743664212068e-01 9.926492573886454007e-01 9.216061185468451544e-01 9.985291957855224609e-01 8.731883764266967773e-01 9.997826218605041504e-01 9.757084846496582031e-01
9.340960704598428865e-01 9.926800742437444924e-01 9.158699808795410791e-01 9.984216094017028809e-01 8.677536249160766602e-01 9.997282624244689941e-01 9.696356058120727539e-01
9.320436687598275816e-01 9.926606127161601290e-01 9.196940726577438330e-01 9.984933137893676758e-01 8.713768124580383301e-01 9.997645020484924316e-01 9.736841917037963867e-01
9.394564019466502547e-01 9.926696049497303331e-01 9.158699808795410791e-01 9.984216094017028809e-01 8.677536249160766602e-01 9.997282624244689941e-01 9.696356058120727539e-01
9.348934184512778245e-01 9.926953021170170643e-01 9.235181644359464759e-01 9.985650777816772461e-01 8.750000000000000000e-01 9.998007416725158691e-01 9.777327775955200195e-01
9.396934311198368306e-01 9.926726735749537012e-01 9.111747851002864884e-01 9.983319044113159180e-01 8.641304373741149902e-01 9.996739029884338379e-01 9.636363387107849121e-01
9.364907241730331400e-01 9.926601369620264848e-01 9.149952244508118282e-01 9.984036684036254883e-01 8.677536249160766602e-01 9.997101426124572754e-01 9.676767587661743164e-01
9.398600206236500387e-01 9.926551976157672597e-01 9.169054441260745536e-01 9.984394907951354980e-01 8.695651888847351074e-01 9.997282624244689941e-01 9.696969985961914062e-01
9.356633326998582412e-01 9.926100062886098474e-01 9.177820267686424005e-01 9.984574317932128906e-01 8.695651888847351074e-01 9.997463822364807129e-01 9.716598987579345703e-01
9.386832935898865582e-01 9.926392315089681562e-01 9.082217973231357933e-01 9.982780814170837402e-01 8.605072498321533203e-01 9.996557831764221191e-01 9.615384340286254883e-01
9.421911190399576697e-01 9.927246257371167282e-01 9.196940726577438330e-01 9.984933137893676758e-01 8.713768124580383301e-01 9.997645020484924316e-01 9.736841917037963867e-01
9.395464552573562500e-01 9.926637960537287864e-01 9.177820267686424005e-01 9.984574317932128906e-01 8.695651888847351074e-01 9.997463822364807129e-01 9.716598987579345703e-01
9.572418960542388167e-01 9.962246868111540588e-01 9.300635785649409293e-01 9.986189007759094238e-01 9.275362491607666016e-01 9.993296861648559570e-01 9.326047301292419434e-01
9.596844975274083644e-01 9.962936553498410452e-01 9.300635785649409293e-01 9.986189007759094238e-01 9.275362491607666016e-01 9.993296861648559570e-01 9.326047301292419434e-01
9.516717390705171642e-01 9.962242764201381107e-01 9.264305177111716860e-01 9.985471367835998535e-01 9.239130616188049316e-01 9.992935061454772949e-01 9.289617538452148438e-01
9.594317792306155113e-01 9.962485787209638399e-01 9.309090909090909083e-01 9.986368417739868164e-01 9.275362491607666016e-01 9.993478059768676758e-01 9.343065619468688965e-01
9.503577817130044458e-01 9.962123632448620647e-01 9.264305177111716860e-01 9.985471367835998535e-01 9.239130616188049316e-01 9.992935061454772949e-01 9.289617538452148438e-01
9.557478432537699353e-01 9.962812168905040844e-01 9.290909090909090784e-01 9.986009597778320312e-01 9.257246255874633789e-01 9.993296861648559570e-01 9.324817657470703125e-01
9.489364194555317544e-01 9.961848448305699044e-01 9.183303085299455715e-01 9.983857274055480957e-01 9.166666865348815918e-01 9.992029070854187012e-01 9.200000166893005371e-01
9.552462457714432364e-01 9.962214212403427416e-01 9.255898366606170047e-01 9.985291957855224609e-01 9.239130616188049316e-01 9.992753863334655762e-01 9.272727370262145996e-01
9.573780915560132776e-01 9.961762789070844892e-01 9.254545454545454186e-01 9.985291957855224609e-01 9.221014380455017090e-01 9.992935061454772949e-01 9.288321137428283691e-01
9.557327586013955045e-01 9.962613288505381970e-01 9.290909090909090784e-01 9.986009597778320312e-01 9.257246255874633789e-01 9.993296861648559570e-01 9.324817657470703125e-01
9.595688232199146572e-01 9.962609677583056378e-01 9.272727272727272485e-01 9.985650777816772461e-01 9.239130616188049316e-01 9.993115663528442383e-01 9.306569099426269531e-01
9.589791943269206920e-01 9.962540921491758183e-01 9.309090909090909083e-01 9.986368417739868164e-01 9.275362491607666016e-01 9.993478059768676758e-01 9.343065619468688965e-01
9.569487355823100838e-01 9.962539117990265591e-01 9.309090909090909083e-01 9.986368417739868164e-01 9.275362491607666016e-01 9.993478059768676758e-01 9.343065619468688965e-01
9.594822030455392170e-01 9.962541905450756907e-01 9.272727272727272485e-01 9.985650777816772461e-01 9.239130616188049316e-01 9.993115663528442383e-01 9.306569099426269531e-01
9.595464610374199177e-01 9.961801188370901228e-01 9.282470481380563632e-01 9.985830187797546387e-01 9.257246255874633789e-01 9.993115663528442383e-01 9.307832717895507812e-01
9.589146518471169944e-01 9.962379946034572997e-01 9.247506799637352781e-01 9.985112547874450684e-01 9.239130616188049316e-01 9.992572665214538574e-01 9.255898594856262207e-01
9.622858477462452598e-01 9.963114430366694085e-01 9.349904397705545156e-01 9.987803101539611816e-01 8.858695626258850098e-01 9.999094009399414062e-01 9.898785352706909180e-01
9.580715888770567901e-01 9.962126257871626311e-01 9.254545454545454186e-01 9.985291957855224609e-01 9.221014380455017090e-01 9.992935061454772949e-01 9.288321137428283691e-01
9.604544348631358641e-01 9.962509910134416113e-01 9.282470481380563632e-01 9.985830187797546387e-01 9.257246255874633789e-01 9.993115663528442383e-01 9.307832717895507812e-01
9.599773639733512054e-01 9.963063396322113796e-01 9.273422562141491188e-01 9.986368417739868164e-01 8.786231875419616699e-01 9.998369812965393066e-01 9.817813634872436523e-01
9.344788196631688137e-01 9.920431988748796837e-01 9.163498098859315100e-01 9.984301328659057617e-01 8.684684634208679199e-01 9.997297525405883789e-01 9.698188900947570801e-01
9.320248083344508938e-01 9.920333944957324679e-01 9.134157944814462748e-01 9.983766078948974609e-01 8.648648858070373535e-01 9.997116923332214355e-01 9.677419066429138184e-01
9.394835239736882837e-01 9.920529383196516893e-01 9.210275927687916475e-01 9.985193014144897461e-01 8.720721006393432617e-01 9.997837543487548828e-01 9.758064746856689453e-01
9.377023384191640609e-01 9.920205382587697907e-01 9.153187440532826180e-01 9.984122514724731445e-01 8.666666746139526367e-01 9.997297525405883789e-01 9.697580933570861816e-01
9.399421276667727643e-01 9.920039974888085199e-01 9.201520912547528352e-01 9.985014796257019043e-01 8.720721006393432617e-01 9.997657537460327148e-01 9.738430380821228027e-01
9.376346093467358145e-01 9.920803874991495075e-01 9.210275927687916475e-01 9.985193014144897461e-01 8.720721006393432617e-01 9.997837543487548828e-01 9.758064746856689453e-01
9.333908438181269807e-01 9.919894694752973141e-01 9.191246431969553043e-01 9.984836578369140625e-01 8.702702522277832031e-01 9.997657537460327148e-01 9.737903475761413574e-01
9.360942551949857915e-01 9.920164639326265466e-01 9.229305423406279907e-01 9.985550045967102051e-01 8.738738894462585449e-01 9.998018145561218262e-01 9.778226017951965332e-01
9.410009781511128324e-01 9.920420949980774949e-01 9.238095238095238582e-01 9.985728263854980469e-01 8.738738894462585449e-01 9.998198151588439941e-01 9.797979593276977539e-01
9.370986978953419477e-01 9.920903540218456440e-01 9.172216936251189612e-01 9.984479546546936035e-01 8.684684634208679199e-01 9.997477531433105469e-01 9.717742204666137695e-01
9.356355041099688741e-01 9.919986405626918247e-01 9.125475285171102957e-01 9.983587265014648438e-01 8.648648858070373535e-01 9.996936917304992676e-01 9.657947421073913574e-01
9.415808879081866145e-01 9.921166343730243309e-01 9.248334919124643339e-01 9.985906481742858887e-01 8.756756782531738281e-01 9.998198151588439941e-01 9.798387289047241211e-01
9.415295785123469763e-01 9.921246370051173269e-01 9.210275927687916475e-01 9.985193014144897461e-01 8.720721006393432617e-01 9.997837543487548828e-01 9.758064746856689453e-01
9.414851533942889539e-01 9.921106771028807003e-01 9.248334919124643339e-01 9.985906481742858887e-01 8.756756782531738281e-01 9.998198151588439941e-01 9.798387289047241211e-01
9.379973443237439312e-01 9.920386698799197323e-01 9.229305423406279907e-01 9.985550045967102051e-01 8.738738894462585449e-01 9.998018145561218262e-01 9.778226017951965332e-01
9.389057280864731014e-01 9.919957513997409437e-01 9.220532319391635534e-01 9.985371232032775879e-01 8.738738894462585449e-01 9.997837543487548828e-01 9.758551120758056641e-01
9.332328392420705665e-01 9.920768649949560647e-01 9.163498098859315100e-01 9.984301328659057617e-01 8.684684634208679199e-01 9.997297525405883789e-01 9.698188900947570801e-01
9.364149610595043915e-01 9.919998743689757426e-01 9.077069457659372453e-01 9.982695579528808594e-01 8.594594597816467285e-01 9.996576309204101562e-01 9.616935253143310547e-01
9.427784970603414472e-01 9.921288411790514239e-01 9.248334919124643339e-01 9.985906481742858887e-01 8.756756782531738281e-01 9.998198151588439941e-01 9.798387289047241211e-01
9.364019556085815266e-01 9.920492535188438765e-01 9.210275927687916475e-01 9.985193014144897461e-01 8.720721006393432617e-01 9.997837543487548828e-01 9.758064746856689453e-01
