9.113879258641107706e-01 9.673453047647038172e-01 8.699439950217796591e-01 9.777777791023254395e-01 8.175438642501831055e-01 9.938011765480041504e-01 9.295212626457214355e-01
9.121594260469061410e-01 9.667175557332567948e-01 8.674548848786558519e-01 9.773524999618530273e-01 8.152046799659729004e-01 9.935672283172607422e-01 9.268617033958435059e-01
9.056653632961750855e-01 9.663824783138816876e-01 8.645707376058041627e-01 9.761828780174255371e-01 8.362573385238647461e-01 9.901754260063171387e-01 8.948686122894287109e-01
9.124460193249543938e-01 9.668582482157277447e-01 8.601485148514851353e-01 9.759702086448669434e-01 8.128654956817626953e-01 9.922807216644287109e-01 9.132720232009887695e-01
9.149605997329572915e-01 9.673247164956015887e-01 8.720787207872078284e-01 9.778841137886047363e-01 8.292397856712341309e-01 9.927485585212707520e-01 9.195849299430847168e-01
9.105961730642975205e-01 9.669857407371732494e-01 8.663366336633663289e-01 9.770334959030151367e-01 8.187134265899658203e-01 9.928655028343200684e-01 9.198423027992248535e-01
9.109538688894429637e-01 9.667064071089570554e-01 8.685015290519877418e-01 9.771398305892944336e-01 8.304093480110168457e-01 9.918128848075866699e-01 9.102563858032226562e-01
9.177967263434314571e-01 9.678922757664896181e-01 8.694074969770253514e-01 9.770334959030151367e-01 8.409356474876403809e-01 9.906432628631591797e-01 8.998748660087585449e-01
9.096599306052775002e-01 9.667202917371351401e-01 8.626237623762376128e-01 9.763955473899841309e-01 8.152046799659729004e-01 9.925146102905273438e-01 9.159001111984252930e-01
9.127720762364681661e-01 9.665578479161454073e-01 8.655256723716381329e-01 9.766082167625427246e-01 8.280701637268066406e-01 9.914619922637939453e-01 9.065300822257995605e-01
9.152901883346704626e-01 9.675516584667558373e-01 8.672782874617737114e-01 9.769271612167358398e-01 8.292397856712341309e-01 9.916958808898925781e-01 9.089743494987487793e-01
9.214223742210629897e-01 9.680136127889893416e-01 8.799504950495049549e-01 9.793726801872253418e-01 8.315789699554443359e-01 9.941520690917968750e-01 9.342969655990600586e-01
9.146176821600862095e-01 9.670154935318329148e-01 8.650990099009900902e-01 9.768208265304565430e-01 8.175438642501831055e-01 9.927485585212707520e-01 9.185282588005065918e-01
9.177198575098717281e-01 9.679184725869910411e-01 8.746177370030581155e-01 9.782030582427978516e-01 8.362573385238647461e-01 9.923976659774780273e-01 9.166666865348815918e-01
9.131237935502057868e-01 9.671791679300554279e-01 8.723404255319149314e-01 9.783093929290771484e-01 8.152046799659729004e-01 9.946199059486389160e-01 9.380888342857360840e-01
9.158016682652896368e-01 9.668447060046149177e-01 8.659286592865929055e-01 9.768208265304565430e-01 8.233917951583862305e-01 9.921637177467346191e-01 9.130998849868774414e-01
9.106330492692347178e-01 9.672183595781091991e-01 8.700495049504950451e-01 9.776714444160461426e-01 8.222222328186035156e-01 9.932163953781127930e-01 9.237844944000244141e-01
9.093401866122674537e-01 9.666166015810448986e-01 8.602015113350125475e-01 9.763955473899841309e-01 7.988303899765014648e-01 9.941520690917968750e-01 9.317871928215026855e-01
9.115372207197438570e-01 9.670195289385986603e-01 8.683886838868388747e-01 9.772461652755737305e-01 8.257309794425964355e-01 9.923976659774780273e-01 9.156938791275024414e-01
9.118985134996522302e-01 9.666867087375534684e-01 8.650990099009900902e-01 9.768208265304565430e-01 8.175438642501831055e-01 9.927485585212707520e-01 9.185282588005065918e-01
9.130604394669119550e-01 9.588083159969781333e-01 8.770642201834862872e-01 9.786283969879150391e-01 8.385964632034301758e-01 9.926315546035766602e-01 9.192307591438293457e-01
9.113662406001299399e-01 9.582378840922436414e-01 8.701538461538461666e-01 9.775651097297668457e-01 8.269006013870239258e-01 9.926315546035766602e-01 9.181818366050720215e-01
9.078577614278475760e-01 9.581308422195777830e-01 8.741641337386018007e-01 9.779904484748840332e-01 8.409356474876403809e-01 9.916958808898925781e-01 9.101265668869018555e-01
9.124348231543790710e-01 9.582454076695490208e-01 8.707155742633794215e-01 9.771398305892944336e-01 8.467836380004882812e-01 9.901754260063171387e-01 8.960396051406860352e-01
9.129044821385889907e-01 9.585559988124210395e-01 8.765957446808511078e-01 9.784157276153564453e-01 8.432748317718505859e-01 9.919298291206359863e-01 9.126582145690917969e-01
9.120477462559042348e-01 9.584367827720321475e-01 8.774752475247524774e-01 9.789473414421081543e-01 8.292397856712341309e-01 9.939181208610534668e-01 9.316688776016235352e-01
9.092489211870316002e-01 9.578293483005571041e-01 8.706166868198307318e-01 9.772461652755737305e-01 8.421052694320678711e-01 9.907602071762084961e-01 9.011263847351074219e-01
9.169608421654500408e-01 9.591730777252968076e-01 8.754534461910520315e-01 9.780967831611633301e-01 8.467836380004882812e-01 9.912280440330505371e-01 9.061326384544372559e-01
9.111476361066485063e-01 9.586602358701485915e-01 8.765957446808511078e-01 9.784157276153564453e-01 8.432748317718505859e-01 9.919298291206359863e-01 9.126582145690917969e-01
9.083469578677043632e-01 9.575937879188534119e-01 8.706166868198307318e-01 9.772461652755737305e-01 8.421052694320678711e-01 9.907602071762084961e-01 9.011263847351074219e-01
9.156664586382647908e-01 9.585701567513278398e-01 8.758409785932721459e-01 9.784157276153564453e-01 8.374269008636474609e-01 9.925146102905273438e-01 9.179487228393554688e-01
9.193577633813945216e-01 9.590051621965548501e-01 8.856088560885608807e-01 9.802232980728149414e-01 8.421052694320678711e-01 9.940350651741027832e-01 9.338521361351013184e-01
9.131940709383525867e-01 9.584643464505462340e-01 8.733944954128440852e-01 9.779904484748840332e-01 8.350877165794372559e-01 9.922807216644287109e-01 9.153845906257629395e-01
9.134525012585608117e-01 9.587314375431068569e-01 8.765957446808511078e-01 9.784157276153564453e-01 8.432748317718505859e-01 9.919298291206359863e-01 9.126582145690917969e-01
9.130357410244429595e-01 9.587432699649994783e-01 8.758409785932721459e-01 9.784157276153564453e-01 8.374269008636474609e-01 9.925146102905273438e-01 9.179487228393554688e-01
9.093458968469689818e-01 9.581748900295985472e-01 8.693009118541032976e-01 9.771398305892944336e-01 8.362573385238647461e-01 9.912280440330505371e-01 9.050632715225219727e-01
9.093450479817393184e-01 9.585311709587953644e-01 8.782874617737003176e-01 9.788410663604736328e-01 8.397660851478576660e-01 9.927485585212707520e-01 9.205127954483032227e-01
9.111915406809265594e-01 9.582459543438970329e-01 8.753799392097264542e-01 9.782030582427978516e-01 8.421052694320678711e-01 9.918128848075866699e-01 9.113923907279968262e-01
9.059158222609046129e-01 9.579454866487554510e-01 8.721712538226299438e-01 9.777777791023254395e-01 8.339181542396545410e-01 9.921637177467346191e-01 9.141025543212890625e-01
9.140188132965438861e-01 9.582978678803385497e-01 8.758409785932721459e-01 9.784157276153564453e-01 8.374269008636474609e-01 9.925146102905273438e-01 9.179487228393554688e-01
9.113329294309409079e-01 9.642611417078994496e-01 8.746177370030581155e-01 9.782030582427978516e-01 8.362573385238647461e-01 9.923976659774780273e-01 9.166666865348815918e-01
9.134935544378761652e-01 9.640706559719391944e-01 8.702928870292887531e-01 9.769271612167358398e-01 8.514620065689086914e-01 9.894737005233764648e-01 8.899755477905273438e-01
9.090336791837766439e-01 9.641368642728351812e-01 8.733944954128440852e-01 9.779904484748840332e-01 8.350877165794372559e-01 9.922807216644287109e-01 9.153845906257629395e-01
9.156959335792584920e-01 9.645943039121402940e-01 8.701538461538461666e-01 9.775651097297668457e-01 8.269006013870239258e-01 9.926315546035766602e-01 9.181818366050720215e-01
9.141824319916953545e-01 9.643086776757728851e-01 8.736776602364654254e-01 9.784157276153564453e-01 8.210526108741760254e-01 9.941520690917968750e-01 9.335106611251831055e-01
9.113128367447187461e-01 9.638803750975575291e-01 8.696186961869618592e-01 9.774587750434875488e-01 8.269006013870239258e-01 9.925146102905273438e-01 9.169909358024597168e-01
9.129276749237857924e-01 9.638167655886891172e-01 8.732057416267942074e-01 9.774587750434875488e-01 8.538011908531188965e-01 9.898245334625244141e-01 8.935128450393676758e-01
9.177876668301883090e-01 9.647109207966850786e-01 8.774656306037059705e-01 9.782030582427978516e-01 8.584795594215393066e-01 9.901754260063171387e-01 8.973104953765869141e-01
9.167003466102250364e-01 9.647115367960323873e-01 8.814993954050786007e-01 9.791600108146667480e-01 8.526315689086914062e-01 9.918128848075866699e-01 9.123904705047607422e-01
9.135167152848107097e-01 9.636939240257115236e-01 8.696186961869618592e-01 9.774587750434875488e-01 8.269006013870239258e-01 9.925146102905273438e-01 9.169909358024597168e-01
9.113930864665191756e-01 9.639537645678708522e-01 8.746177370030581155e-01 9.782030582427978516e-01 8.362573385238647461e-01 9.923976659774780273e-01 9.166666865348815918e-01
9.185786274357861103e-01 9.646621540454584087e-01 8.802902055622733313e-01 9.789473414421081543e-01 8.514620065689086914e-01 9.916958808898925781e-01 9.111389517784118652e-01
9.156952607459847293e-01 9.641965744429505936e-01 8.774113254511511917e-01 9.790536761283874512e-01 8.245614171028137207e-01 9.945029020309448242e-01 9.375000000000000000e-01
9.104047600757128045e-01 9.640391930715263014e-01 8.659049909801563860e-01 9.762892127037048340e-01 8.421052694320678711e-01 9.897075891494750977e-01 8.910890817642211914e-01
9.119010264134914667e-01 9.637199835710796858e-01 8.725247524752475226e-01 9.780967831611633301e-01 8.245614171028137207e-01 9.934502840042114258e-01 9.264126420021057129e-01
9.117212464470105804e-01 9.637826355313970916e-01 8.694074969770253514e-01 9.770334959030151367e-01 8.409356474876403809e-01 9.906432628631591797e-01 8.998748660087585449e-01
9.080738132399344131e-01 9.635983050219892876e-01 8.697247706422018831e-01 9.773524999618530273e-01 8.315789699554443359e-01 9.919298291206359863e-01 9.115384817123413086e-01
9.127217011724257922e-01 9.637869441906417034e-01 8.681983071342200819e-01 9.768208265304565430e-01 8.397660851478576660e-01 9.905263185501098633e-01 8.986232876777648926e-01
9.144695571975181014e-01 9.640292754566891498e-01 8.732057416267942074e-01 9.774587750434875488e-01 8.538011908531188965e-01 9.898245334625244141e-01 8.935128450393676758e-01
9.134759815861654975e-01 9.641360430228209655e-01 8.712871287128712838e-01 9.778841137886047363e-01 8.233917951583862305e-01 9.933333396911621094e-01 9.250985383987426758e-01
9.072285739949479400e-01 9.620947994979991424e-01 8.681983071342200819e-01 9.768208265304565430e-01 8.397660851478576660e-01 9.905263185501098633e-01 8.986232876777648926e-01
9.123606808252449074e-01 9.620793421458799788e-01 8.637212196639700856e-01 9.767144918441772461e-01 8.116959333419799805e-01 9.932163953781127930e-01 9.228723645210266113e-01
9.073158386618906945e-01 9.620828305293342986e-01 8.675136116152449839e-01 9.767144918441772461e-01 8.385964632034301758e-01 9.905263185501098633e-01 8.984962701797485352e-01
9.142717968778697468e-01 9.624203013835954668e-01 8.710462287104623336e-01 9.774587750434875488e-01 8.374269008636474609e-01 9.914619922637939453e-01 9.074777960777282715e-01
9.190094937720827417e-01 9.629468909338272375e-01 8.715365239294710076e-01 9.783093929290771484e-01 8.093567490577697754e-01 9.952046871185302734e-01 9.440655112266540527e-01
9.162564669991222210e-01 9.627191967251232940e-01 8.722627737226277267e-01 9.776714444160461426e-01 8.385964632034301758e-01 9.915789365768432617e-01 9.087452292442321777e-01
9.123569786004084303e-01 9.620096451747712774e-01 8.669891172914147015e-01 9.766082167625427246e-01 8.385964632034301758e-01 9.904093742370605469e-01 8.973717093467712402e-01
9.199573713883690829e-01 9.631087184718938321e-01 8.770642201834862872e-01 9.786283969879150391e-01 8.385964632034301758e-01 9.926315546035766602e-01 9.192307591438293457e-01
9.111159979322669411e-01 9.620582757119611195e-01 8.671586715867158901e-01 9.770334959030151367e-01 8.245614171028137207e-01 9.922807216644287109e-01 9.143968820571899414e-01
9.110519977251361201e-01 9.616660184079300899e-01 8.617788461538461453e-01 9.755449295043945312e-01 8.385964632034301758e-01 9.892397522926330566e-01 8.862793445587158203e-01
9.125883656792912468e-01 9.622326199820276926e-01 8.717325227963526046e-01 9.775651097297668457e-01 8.385964632034301758e-01 9.914619922637939453e-01 9.075949192047119141e-01
9.229963064194623978e-01 9.634288169188677253e-01 8.813767670559311540e-01 9.794790148735046387e-01 8.385964632034301758e-01 9.935672283172607422e-01 9.287564754486083984e-01
9.150680361303562549e-01 9.622013622944175504e-01 8.652307692307692477e-01 9.767144918441772461e-01 8.222222328186035156e-01 9.921637177467346191e-01 9.129869937896728516e-01
9.138316328470141858e-01 9.628182356965154787e-01 8.717325227963526046e-01 9.775651097297668457e-01 8.385964632034301758e-01 9.914619922637939453e-01 9.075949192047119141e-01
9.181966458556185540e-01 9.629604337403196990e-01 8.750000000000000000e-01 9.785220623016357422e-01 8.269006013870239258e-01 9.936842322349548340e-01 9.290407299995422363e-01
9.153165275108801069e-01 9.620111491241548629e-01 8.657799274486094321e-01 9.763955473899841309e-01 8.374269008636474609e-01 9.902923703193664551e-01 8.961201310157775879e-01
9.118203208956692229e-01 9.622230445734192283e-01 8.689230769230769091e-01 9.773524999618530273e-01 8.257309794425964355e-01 9.925146102905273438e-01 9.168831110000610352e-01
9.145506759876766978e-01 9.625514189186880065e-01 8.717325227963526046e-01 9.775651097297668457e-01 8.385964632034301758e-01 9.914619922637939453e-01 9.075949192047119141e-01
9.142094891907850407e-01 9.623655838438136545e-01 8.694074969770253514e-01 9.770334959030151367e-01 8.409356474876403809e-01 9.906432628631591797e-01 8.998748660087585449e-01
9.155890349577349152e-01 9.623744068657028583e-01 8.698296836982968294e-01 9.772461652755737305e-01 8.362573385238647461e-01 9.913450479507446289e-01 9.062104225158691406e-01
9.079431083577711448e-01 9.560524519680577704e-01 8.780193236714975979e-01 9.785471558570861816e-01 8.492990732192993164e-01 9.914719462394714355e-01 9.087499976158142090e-01
9.098949195057723927e-01 9.555376006410543077e-01 8.768115942028985588e-01 9.783347249031066895e-01 8.481308221817016602e-01 9.913551211357116699e-01 9.075000286102294922e-01
9.055191811749110364e-01 9.551075689576958849e-01 8.792270531400966371e-01 9.787595868110656738e-01 8.504672646522521973e-01 9.915887713432312012e-01 9.100000262260437012e-01
9.080111726770816460e-01 9.554823286566370699e-01 8.833535844471446241e-01 9.796091914176940918e-01 8.492990732192993164e-01 9.926401972770690918e-01 9.202531576156616211e-01
9.092586798323964992e-01 9.556288340626186706e-01 8.832923832923832430e-01 9.798215627670288086e-01 8.399532437324523926e-01 9.938083887100219727e-01 9.313471317291259766e-01
9.086383273367122371e-01 9.554786436455687815e-01 8.821014050091631198e-01 9.795029759407043457e-01 8.434579372406005859e-01 9.931074976921081543e-01 9.244558215141296387e-01
9.070868866230415994e-01 9.551738955545102661e-01 8.821385176184690646e-01 9.793967604637145996e-01 8.481308221817016602e-01 9.925233721733093262e-01 9.189873337745666504e-01
9.158752564964676157e-01 9.560506092514882148e-01 8.894318875992669460e-01 9.807773828506469727e-01 8.504672646522521973e-01 9.938083887100219727e-01 9.321382641792297363e-01
9.079409986537971822e-01 9.556262412318830002e-01 8.821385176184690646e-01 9.793967604637145996e-01 8.481308221817016602e-01 9.925233721733093262e-01 9.189873337745666504e-01
9.098139903258750660e-01 9.552352409023396884e-01 8.763505402160863822e-01 9.781223535537719727e-01 8.528037667274475098e-01 9.906542301177978516e-01 9.012345671653747559e-01
9.110781346964587080e-01 9.556850615677767724e-01 8.869987849331713026e-01 9.802463650703430176e-01 8.528037667274475098e-01 9.929906725883483887e-01 9.240506291389465332e-01
9.130028278942543540e-01 9.558026344906510596e-01 8.852459016393442459e-01 9.799277782440185547e-01 8.516355156898498535e-01 9.927570223808288574e-01 9.216182231903076172e-01
9.087583561393755005e-01 9.553392343682409749e-01 8.756756756756757243e-01 9.780161380767822266e-01 8.516355156898498535e-01 9.906542301177978516e-01 9.011124968528747559e-01
9.105593985837250326e-01 9.557436094064617471e-01 8.768115942028985588e-01 9.783347249031066895e-01 8.481308221817016602e-01 9.913551211357116699e-01 9.075000286102294922e-01
9.098426177254856917e-01 9.556247399387356456e-01 8.857493857493857758e-01 9.802463650703430176e-01 8.422897458076477051e-01 9.940420389175415039e-01 9.339378476142883301e-01
9.074538587923137722e-01 9.548400779204565536e-01 8.731026108075288228e-01 9.778037667274475098e-01 8.399532437324523926e-01 9.915887713432312012e-01 9.089759588241577148e-01
9.068534898666620325e-01 9.553313873213242768e-01 8.786964393482197266e-01 9.786533713340759277e-01 8.504672646522521973e-01 9.914719462394714355e-01 9.088639020919799805e-01
9.091922425933594010e-01 9.555986052013299981e-01 8.763206960845245641e-01 9.788657426834106445e-01 8.235981464385986328e-01 9.943925142288208008e-01 9.362549781799316406e-01
9.082027341827270117e-01 9.553962128400601550e-01 8.780193236714975979e-01 9.785471558570861816e-01 8.492990732192993164e-01 9.914719462394714355e-01 9.087499976158142090e-01
9.081037598262646782e-01 9.557349432614457019e-01 8.775637041640770297e-01 9.790781736373901367e-01 8.247663378715515137e-01 9.945093393325805664e-01 9.375830292701721191e-01
