9.778801509003489656e-01 9.663944485768793946e-01 9.413159454653230451e-01 9.421052336692810059e-01 9.286549687385559082e-01 9.555555582046508789e-01 9.543269276618957520e-01
9.754348871969238388e-01 9.628904627586356568e-01 9.364230540701129479e-01 9.374269247055053711e-01 9.216374158859252930e-01 9.532163739204406738e-01 9.516907930374145508e-01
9.770134589401813230e-01 9.653479720284960930e-01 9.428571428571428381e-01 9.438596367835998535e-01 9.263157844543457031e-01 9.614034891128540039e-01 9.599999785423278809e-01
9.775054421927436010e-01 9.663944466808030986e-01 9.443127962085308136e-01 9.450292587280273438e-01 9.321637153625488281e-01 9.578947424888610840e-01 9.567826986312866211e-01
9.774397706306832134e-01 9.662473939078523033e-01 9.432157800358637045e-01 9.444444179534912109e-01 9.228070378303527832e-01 9.660818576812744141e-01 9.645476937294006348e-01
9.761246933378755486e-01 9.646810998993287090e-01 9.422962522308150346e-01 9.432748556137084961e-01 9.263157844543457031e-01 9.602339267730712891e-01 9.588377475738525391e-01
9.749528256137232063e-01 9.635805908473282777e-01 9.385342789598108970e-01 9.391812682151794434e-01 9.286549687385559082e-01 9.497076272964477539e-01 9.486260414123535156e-01
9.787101798533281993e-01 9.674935888070566037e-01 9.473684210526315264e-01 9.485380053520202637e-01 9.263157844543457031e-01 9.707602262496948242e-01 9.694002270698547363e-01
9.769717761840368553e-01 9.659450781396852204e-01 9.428571428571428381e-01 9.438596367835998535e-01 9.263157844543457031e-01 9.614034891128540039e-01 9.599999785423278809e-01
9.774517310963677375e-01 9.666646160206702199e-01 9.435531788472965031e-01 9.444444179534912109e-01 9.286549687385559082e-01 9.602339267730712891e-01 9.589372277259826660e-01
9.781407573757299190e-01 9.667165975396749822e-01 9.440476190476190244e-01 9.450292587280273438e-01 9.274854063987731934e-01 9.625731110572814941e-01 9.612120985984802246e-01
9.754870594091338276e-01 9.646988827705944569e-01 9.382566585956416683e-01 9.403508901596069336e-01 9.064327478408813477e-01 9.742690324783325195e-01 9.723964929580688477e-01
9.754358739623016916e-01 9.639889212200620783e-01 9.367541766109784840e-01 9.380117058753967285e-01 9.181286692619323730e-01 9.578947424888610840e-01 9.561510086059570312e-01
9.740564535676963231e-01 9.641284518436321616e-01 9.383886255924170916e-01 9.391812682151794434e-01 9.263157844543457031e-01 9.520468115806579590e-01 9.507803320884704590e-01
9.774963232250879486e-01 9.665237198314304834e-01 9.439809296781883630e-01 9.450292587280273438e-01 9.263157844543457031e-01 9.637426733970642090e-01 9.623329043388366699e-01
9.770572017336416337e-01 9.657822926153505350e-01 9.422962522308150346e-01 9.432748556137084961e-01 9.263157844543457031e-01 9.602339267730712891e-01 9.588377475738525391e-01
9.757976216805186453e-01 9.651776635013431527e-01 9.420378279438682556e-01 9.444444179534912109e-01 9.029240012168884277e-01 9.859648942947387695e-01 9.846938848495483398e-01
9.751309443841744695e-01 9.640409025941902854e-01 9.371221281741233256e-01 9.391812682151794434e-01 9.064327478408813477e-01 9.719298481941223145e-01 9.699624776840209961e-01
9.766096110140054520e-01 9.655791537403871638e-01 9.403254972875225715e-01 9.421052336692810059e-01 9.122806787490844727e-01 9.719298481941223145e-01 9.701492786407470703e-01
9.789668741685524367e-01 9.679251749267088201e-01 9.463647199046484326e-01 9.473684430122375488e-01 9.286549687385559082e-01 9.660818576812744141e-01 9.647630453109741211e-01
9.731866946518135109e-01 9.604411650340177742e-01 9.240729841082989671e-01 9.245613813400268555e-01 9.181286692619323730e-01 9.309941530227661133e-01 9.300947785377502441e-01
9.734883697153389193e-01 9.602982136587183692e-01 9.335748792270531782e-01 9.356725215911865234e-01 9.040935635566711426e-01 9.672514796257019043e-01 9.650437235832214355e-01
9.746921257873335520e-01 9.615464607836348154e-01 9.299516908212560606e-01 9.321637153625488281e-01 9.005848169326782227e-01 9.637426733970642090e-01 9.612984061241149902e-01
9.746578449437954816e-01 9.613966717096955605e-01 9.339794064203512658e-01 9.362573027610778809e-01 9.017543792724609375e-01 9.707602262496948242e-01 9.685929417610168457e-01
9.756407438208487548e-01 9.627810296152523595e-01 9.369047619047619069e-01 9.380117058753967285e-01 9.204678535461425781e-01 9.555555582046508789e-01 9.539393782615661621e-01
9.737921000724956144e-01 9.603139446182610284e-01 9.330943847072878938e-01 9.345028996467590332e-01 9.134503006935119629e-01 9.555555582046508789e-01 9.536019563674926758e-01
9.730672337375416703e-01 9.598850951331141523e-01 9.284425736620565139e-01 9.304093718528747559e-01 9.029240012168884277e-01 9.578947424888610840e-01 9.554455280303955078e-01
9.756493210906374003e-01 9.628261716605895915e-01 9.347037484885126757e-01 9.368420839309692383e-01 9.040935635566711426e-01 9.695906639099121094e-01 9.674593210220336914e-01
9.713599302851374517e-01 9.587367085927804844e-01 9.265885256014805282e-01 9.304093718528747559e-01 8.783625960350036621e-01 9.824561476707458496e-01 9.804177284240722656e-01
9.728041306860735205e-01 9.594548775403002328e-01 9.279711884753901741e-01 9.298245906829833984e-01 9.040935635566711426e-01 9.555555582046508789e-01 9.531442523002624512e-01
9.745390199846450940e-01 9.611559139510379435e-01 9.311594202898550998e-01 9.333333373069763184e-01 9.017543792724609375e-01 9.649122953414916992e-01 9.625468254089355469e-01
9.746123645124864510e-01 9.622318000860439202e-01 9.336521219366407109e-01 9.350877404212951660e-01 9.134503006935119629e-01 9.567251205444335938e-01 9.547677040100097656e-01
9.739420184907956468e-01 9.609247322499017141e-01 9.306811332127787884e-01 9.327485561370849609e-01 9.029240012168884277e-01 9.625731110572814941e-01 9.601989984512329102e-01
9.716538955133051658e-01 9.593201353331255454e-01 9.284425736620565139e-01 9.304093718528747559e-01 9.029240012168884277e-01 9.578947424888610840e-01 9.554455280303955078e-01
9.734986774953426902e-01 9.602318696193228309e-01 9.323671497584541390e-01 9.345028996467590332e-01 9.029240012168884277e-01 9.660818576812744141e-01 9.637952446937561035e-01
9.746151271120311321e-01 9.618692959768959660e-01 9.339678762641284715e-01 9.350877404212951660e-01 9.181286692619323730e-01 9.520468115806579590e-01 9.503632187843322754e-01
9.735510547136128068e-01 9.618138939850198188e-01 9.358897543439185229e-01 9.374269247055053711e-01 9.134503006935119629e-01 9.614034891128540039e-01 9.594594836235046387e-01
9.734046681627415154e-01 9.601805707159809522e-01 9.318866787221217196e-01 9.339181184768676758e-01 9.040935635566711426e-01 9.637426733970642090e-01 9.614427685737609863e-01
9.735860283032042872e-01 9.603584032475259713e-01 9.338942307692307265e-01 9.356725215911865234e-01 9.087719321250915527e-01 9.625731110572814941e-01 9.604449868202209473e-01
9.754077633551023752e-01 9.627762407428542835e-01 9.347037484885126757e-01 9.368420839309692383e-01 9.040935635566711426e-01 9.695906639099121094e-01 9.674593210220336914e-01
9.764391246094934473e-01 9.657262069997636367e-01 9.321212121212121282e-01 9.345028996467590332e-01 8.994151949882507324e-01 9.695906639099121094e-01 9.672955870628356934e-01
9.744824460839547342e-01 9.637310631286677420e-01 9.314736203759854671e-01 9.339181184768676758e-01 8.982456326484680176e-01 9.695906639099121094e-01 9.672544002532958984e-01
9.745524465793149460e-01 9.630758198283156934e-01 9.331713244228432291e-01 9.356725215911865234e-01 8.982456326484680176e-01 9.730994105339050293e-01 9.709228873252868652e-01
9.763224959633021172e-01 9.657857132925968813e-01 9.367088607594936667e-01 9.385964870452880859e-01 9.087719321250915527e-01 9.684210419654846191e-01 9.664179086685180664e-01
9.764570139571482343e-01 9.657015840104663518e-01 9.339735894357743540e-01 9.356725215911865234e-01 9.099414944648742676e-01 9.614034891128540039e-01 9.593095183372497559e-01
9.742056915309582621e-01 9.638904304941403600e-01 9.331713244228432291e-01 9.356725215911865234e-01 8.982456326484680176e-01 9.730994105339050293e-01 9.709228873252868652e-01
9.737507246334313749e-01 9.621941819964969778e-01 9.291338582677165503e-01 9.315789341926574707e-01 8.970760107040405273e-01 9.660818576812744141e-01 9.635678529739379883e-01
9.771496878662162544e-01 9.664696838374541299e-01 9.365853658536585913e-01 9.391812682151794434e-01 8.982456326484680176e-01 9.801169633865356445e-01 9.783439636230468750e-01
9.746786354409042730e-01 9.639403595055247020e-01 9.315566323440339636e-01 9.339181184768676758e-01 8.994151949882507324e-01 9.684210419654846191e-01 9.660804271697998047e-01
9.756841471934407650e-01 9.650278724230199057e-01 9.311594202898550998e-01 9.333333373069763184e-01 9.017543792724609375e-01 9.649122953414916992e-01 9.625468254089355469e-01
9.751531667116974944e-01 9.641311857826843079e-01 9.286577992744861065e-01 9.309941530227661133e-01 8.982456326484680176e-01 9.637426733970642090e-01 9.612014889717102051e-01
9.750268589307138356e-01 9.643411664754799606e-01 9.346914319952066563e-01 9.362573027610778809e-01 9.122806787490844727e-01 9.602339267730712891e-01 9.582309722900390625e-01
9.746442933602974534e-01 9.637679977088842165e-01 9.303452453058752569e-01 9.327485561370849609e-01 8.982456326484680176e-01 9.672514796257019043e-01 9.648241400718688965e-01
9.738473739868789281e-01 9.640087569132687051e-01 9.330143540669856295e-01 9.345028996467590332e-01 9.122806787490844727e-01 9.567251205444335938e-01 9.547123908996582031e-01
9.750233898946216726e-01 9.637290113079655107e-01 9.319562575941676696e-01 9.345028996467590332e-01 8.970760107040405273e-01 9.719298481941223145e-01 9.696586728096008301e-01
9.745996228381663684e-01 9.643945160937845706e-01 9.303452453058752569e-01 9.327485561370849609e-01 8.982456326484680176e-01 9.672514796257019043e-01 9.648241400718688965e-01
9.743880536178624041e-01 9.640429540056048019e-01 9.343675417661098104e-01 9.356725215911865234e-01 9.157894849777221680e-01 9.555555582046508789e-01 9.537149667739868164e-01
9.750554770012502814e-01 9.640374829298965498e-01 9.310555216595485239e-01 9.339181184768676758e-01 8.923976421356201172e-01 9.754385948181152344e-01 9.732142686843872070e-01
9.734854629729596809e-01 9.629267135386063714e-01 9.315726290516206376e-01 9.333333373069763184e-01 9.076023101806640625e-01 9.590643048286437988e-01 9.568433761596679688e-01
9.769771250403476159e-01 9.661222267514455453e-01 9.371980676328502957e-01 9.391812682151794434e-01 9.076023101806640625e-01 9.707602262496948242e-01 9.687890410423278809e-01
9.704916881314815669e-01 9.559850895514165892e-01 9.308478653036680317e-01 9.327485561370849609e-01 9.052631855010986328e-01 9.602339267730712891e-01 9.579207897186279297e-01
9.687115738671643328e-01 9.535227934875460942e-01 9.287439613526570215e-01 9.309941530227661133e-01 8.994151949882507324e-01 9.625731110572814941e-01 9.600499272346496582e-01
9.702186043655824932e-01 9.552805993817847785e-01 9.331727874774232712e-01 9.350877404212951660e-01 9.064327478408813477e-01 9.637426733970642090e-01 9.615384340286254883e-01
9.699849893092036268e-01 9.553613071219293484e-01 9.320505111244737906e-01 9.339181184768676758e-01 9.064327478408813477e-01 9.614034891128540039e-01 9.591584205627441406e-01
9.696266025230295682e-01 9.553407887700301471e-01 9.308478653036680317e-01 9.327485561370849609e-01 9.052631855010986328e-01 9.602339267730712891e-01 9.579207897186279297e-01
9.704537900153145102e-01 9.557894733469709525e-01 9.308478653036680317e-01 9.327485561370849609e-01 9.052631855010986328e-01 9.602339267730712891e-01 9.579207897186279297e-01
9.693075814588247852e-01 9.536992581153904691e-01 9.280575539568345356e-01 9.298245906829833984e-01 9.052631855010986328e-01 9.543859362602233887e-01 9.520295262336730957e-01
9.709416344913490704e-01 9.565267944031996539e-01 9.331713244228432291e-01 9.356725215911865234e-01 8.982456326484680176e-01 9.730994105339050293e-01 9.709228873252868652e-01
9.688272787694467425e-01 9.534147263727668076e-01 9.292565947242206192e-01 9.309941530227661133e-01 9.064327478408813477e-01 9.555555582046508789e-01 9.532595276832580566e-01
9.696879064519823288e-01 9.544194798899434673e-01 9.275882704967085557e-01 9.292397499084472656e-01 9.064327478408813477e-01 9.520468115806579590e-01 9.497548937797546387e-01
9.697952062228232251e-01 9.547648848697951607e-01 9.308478653036680317e-01 9.327485561370849609e-01 9.052631855010986328e-01 9.602339267730712891e-01 9.579207897186279297e-01
9.706298638871597717e-01 9.557128687964637770e-01 9.359129383313180561e-01 9.380117058753967285e-01 9.052631855010986328e-01 9.707602262496948242e-01 9.687108993530273438e-01
9.696715111430354028e-01 9.552771794802998873e-01 9.331727874774232712e-01 9.350877404212951660e-01 9.064327478408813477e-01 9.637426733970642090e-01 9.615384340286254883e-01
9.667381677146640317e-01 9.533360687101575248e-01 9.308478653036680317e-01 9.327485561370849609e-01 9.052631855010986328e-01 9.602339267730712891e-01 9.579207897186279297e-01
9.698554679051678562e-01 9.551896308088486665e-01 9.347826086956522174e-01 9.368420839309692383e-01 9.052631855010986328e-01 9.684210419654846191e-01 9.662921428680419922e-01
9.702090262779243801e-01 9.549844403829814699e-01 9.376135675348273857e-01 9.397661089897155762e-01 9.052631855010986328e-01 9.742690324783325195e-01 9.723618030548095703e-01
9.687549363853822371e-01 9.547840348937192134e-01 9.302884615384615641e-01 9.321637153625488281e-01 9.052631855010986328e-01 9.590643048286437988e-01 9.567366838455200195e-01
9.702446272430389484e-01 9.549550292487802849e-01 9.319686935580975273e-01 9.339181184768676758e-01 9.052631855010986328e-01 9.625731110572814941e-01 9.602977633476257324e-01
9.681336752146698643e-01 9.534297734356669274e-01 9.297820823244552502e-01 9.321637153625488281e-01 8.982456326484680176e-01 9.660818576812744141e-01 9.636135697364807129e-01
9.714108783743977682e-01 9.556287409066841487e-01 9.376135675348273857e-01 9.397661089897155762e-01 9.052631855010986328e-01 9.742690324783325195e-01 9.723618030548095703e-01
9.740411413656158146e-01 9.617891014150961038e-01 9.313725490196078649e-01 9.345794320106506348e-01 8.878504633903503418e-01 9.813084006309509277e-01 9.793814420700073242e-01
9.730262242712566234e-01 9.607450694141144165e-01 9.323583180987202734e-01 9.351635575294494629e-01 8.936915993690490723e-01 9.766355156898498535e-01 9.745222926139831543e-01
9.745047833503299728e-01 9.624782988909946768e-01 9.330085261875761260e-01 9.357476830482482910e-01 8.948597908020019531e-01 9.766355156898498535e-01 9.745547175407409668e-01
9.752071323337805353e-01 9.634677422602404562e-01 9.358582773365913265e-01 9.386682510375976562e-01 8.948597908020019531e-01 9.824766516685485840e-01 9.807938337326049805e-01
9.745087918788559733e-01 9.623998267428308662e-01 9.323583180987202734e-01 9.351635575294494629e-01 8.936915993690490723e-01 9.766355156898498535e-01 9.745222926139831543e-01
9.745504022889495133e-01 9.627587543011645321e-01 9.355432780847146024e-01 9.386682510375976562e-01 8.901869058609008789e-01 9.871495366096496582e-01 9.857697486877441406e-01
9.737587278035615412e-01 9.615891677100418811e-01 9.325153374233128289e-01 9.357476830482482910e-01 8.878504633903503418e-01 9.836448431015014648e-01 9.819121360778808594e-01
9.760015761160243386e-01 9.645998001911773034e-01 9.392265193370166187e-01 9.421728849411010742e-01 8.936915993690490723e-01 9.906542301177978516e-01 9.896507263183593750e-01
9.734716855486738041e-01 9.610780673631000859e-01 9.323583180987202734e-01 9.351635575294494629e-01 8.936915993690490723e-01 9.766355156898498535e-01 9.745222926139831543e-01
9.717356589708368020e-01 9.590084284732439679e-01 9.278350515463917869e-01 9.304906725883483887e-01 8.936915993690490723e-01 9.672897458076477051e-01 9.646910429000854492e-01
9.753071970940165869e-01 9.630842464315295670e-01 9.350490196078431460e-01 9.380841255187988281e-01 8.913551568984985352e-01 9.848130941390991211e-01 9.832473993301391602e-01
9.748178405111698197e-01 9.629532319204003876e-01 9.346365302382406703e-01 9.375000000000000000e-01 8.936915993690490723e-01 9.813084006309509277e-01 9.795134663581848145e-01
9.741037316738250240e-01 9.617836416045362213e-01 9.317904993909865707e-01 9.345794320106506348e-01 8.936915993690490723e-01 9.754672646522521973e-01 9.732824563980102539e-01
9.710592812546785524e-01 9.597153679530290304e-01 9.266221952698605602e-01 9.293224215507507324e-01 8.925233483314514160e-01 9.661214947700500488e-01 9.634299874305725098e-01
9.743602955994692394e-01 9.620668275336803354e-01 9.330085261875761260e-01 9.357476830482482910e-01 8.948597908020019531e-01 9.766355156898498535e-01 9.745547175407409668e-01
9.743399785369053490e-01 9.619385414614234353e-01 9.363525091799265176e-01 9.392523169517517090e-01 8.936915993690490723e-01 9.848130941390991211e-01 9.832904934883117676e-01
9.723854668377738264e-01 9.613182635505879148e-01 9.330877839165131471e-01 9.363317489624023438e-01 8.878504633903503418e-01 9.848130941390991211e-01 9.831824302673339844e-01
9.733246631835665852e-01 9.615782472279165161e-01 9.346365302382406703e-01 9.375000000000000000e-01 8.936915993690490723e-01 9.813084006309509277e-01 9.795134663581848145e-01
9.733262310737131884e-01 9.610432671610892319e-01 9.310555216595485239e-01 9.339953064918518066e-01 8.913551568984985352e-01 9.766355156898498535e-01 9.744572043418884277e-01
9.739444732188600184e-01 9.621691838626312832e-01 9.335770871419866168e-01 9.363317489624023438e-01 8.948597908020019531e-01 9.778037667274475098e-01 9.757961630821228027e-01
