7.804252303626393328e-01 9.582518365132181026e-01 7.373612823674475791e-01 9.950668751085635089e-01 6.994152069091796875e-01 9.980233918128654791e-01 7.796609997749328613e-01
7.866814989724055796e-01 9.582069133090520552e-01 7.479975354282193400e-01 9.952637369000058021e-01 7.099415063858032227e-01 9.981169590643275136e-01 7.903645634651184082e-01
7.759943927517496398e-01 9.581278187104483868e-01 7.418361059765865573e-01 9.951479358462161917e-01 7.040935754776000977e-01 9.980584795321637559e-01 7.838541865348815918e-01
7.791172507440282669e-01 9.580249769285059669e-01 7.418361059765865573e-01 9.951479358462161917e-01 7.040935754776000977e-01 9.980584795321637559e-01 7.838541865348815918e-01
7.806117850347619180e-01 9.580168583002703908e-01 7.286549707602338888e-01 9.946268311041630561e-01 7.286549806594848633e-01 9.972865497076023322e-01 7.286549806594848633e-01
7.681328370032811659e-01 9.578018655535596171e-01 7.274969173859432425e-01 9.948815934225001545e-01 6.900584697723388672e-01 9.979298245614035556e-01 7.692307829856872559e-01
7.761613170111172355e-01 9.579940203187758962e-01 7.381392483056069542e-01 9.950784552139424477e-01 7.005847692489624023e-01 9.980233918128654791e-01 7.799479365348815918e-01
7.809637196990275587e-01 9.581495758966919185e-01 7.438423645320196842e-01 9.951826761623531192e-01 7.064327597618103027e-01 9.980701754385964408e-01 7.854356169700622559e-01
7.784102425262640068e-01 9.580942426601871675e-01 7.318501170960187707e-01 9.946963117364368001e-01 7.309941649436950684e-01 9.973333333333332940e-01 7.327080965042114258e-01
7.851491051908962016e-01 9.582335332616379597e-01 7.484586929716399162e-01 9.952753170053847409e-01 7.099415063858032227e-01 9.981286549707601985e-01 7.913950681686401367e-01
7.802777478136836420e-01 9.580902278975785835e-01 7.441574415744157678e-01 9.951826761623531192e-01 7.076023221015930176e-01 9.980584795321637559e-01 7.846952080726623535e-01
7.866516468131882212e-01 9.580689288302821627e-01 7.406038200862600229e-01 9.951247756354583140e-01 7.029239535331726074e-01 9.980467836257309600e-01 7.825520634651184082e-01
7.689004575132522001e-01 9.578706250757152985e-01 7.307455329636475261e-01 9.949394939493949597e-01 6.935672760009765625e-01 9.979532163742690365e-01 7.721354365348815918e-01
7.845182421261756023e-01 9.582748589665569527e-01 7.347692307692307301e-01 9.950089745816687037e-01 6.982455849647521973e-01 9.979766081871345174e-01 7.753247022628784180e-01
7.777662246115892852e-01 9.581096114466588487e-01 7.344423906346272402e-01 9.950089745816687037e-01 6.970760226249694824e-01 9.979883040935672023e-01 7.760416865348815918e-01
7.881361646514579711e-01 9.581399457200230341e-01 7.406038200862600229e-01 9.951247756354583140e-01 7.029239535331726074e-01 9.980467836257309600e-01 7.825520634651184082e-01
7.761576124796112364e-01 9.581055488291888578e-01 7.376847290640393684e-01 9.950668751085635089e-01 7.005847692489624023e-01 9.980116959064327942e-01 7.789337038993835449e-01
7.857443812560598317e-01 9.581459305455461983e-01 7.418361059765865573e-01 9.951479358462161917e-01 7.040935754776000977e-01 9.980584795321637559e-01 7.838541865348815918e-01
7.786698094339454812e-01 9.581313002791843614e-01 7.327586206896551380e-01 9.949742342655317762e-01 6.959064602851867676e-01 9.979649122807017214e-01 7.737321257591247559e-01
7.759035657117407947e-01 9.579890958246780608e-01 7.385943279901355796e-01 9.950900353193213865e-01 7.005847692489624023e-01 9.980350877192982750e-01 7.809647917747497559e-01
7.738744072247862871e-01 9.658919626701818473e-01 7.401477832512315391e-01 9.951131955300793752e-01 7.029239535331726074e-01 9.980350877192982750e-01 7.815344333648681641e-01
7.736317173981358541e-01 9.657858786165538501e-01 7.393715341959334886e-01 9.951016154247003254e-01 7.017543911933898926e-01 9.980350877192982750e-01 7.812500000000000000e-01
7.604911798646311061e-01 9.657609411230559937e-01 7.353629976580796646e-01 9.947657923687105441e-01 7.345029115676879883e-01 9.973684210526315708e-01 7.362250685691833496e-01
7.683197789511496678e-01 9.657083845694509616e-01 7.290640394088669929e-01 9.949047536332580322e-01 6.923976540565490723e-01 9.979298245614035556e-01 7.698309421539306641e-01
7.770972459021978640e-01 9.657266262130081991e-01 7.389162561576354538e-01 9.950900353193213865e-01 7.017543911933898926e-01 9.980233918128654791e-01 7.802340984344482422e-01
7.603178338328964170e-01 9.654959842887712584e-01 7.259953161592506143e-01 9.945805106826471897e-01 7.251461744308471680e-01 9.972748538011695363e-01 7.268463969230651855e-01
7.640232397537973785e-01 9.656540158363111637e-01 7.345029239766082130e-01 9.947426321579526665e-01 7.345029115676879883e-01 9.973450292397660899e-01 7.345029115676879883e-01
7.761896306865527784e-01 9.658373542882894291e-01 7.479975354282193400e-01 9.952637369000058021e-01 7.099415063858032227e-01 9.981169590643275136e-01 7.903645634651184082e-01
7.783513799266339461e-01 9.658094210672620861e-01 7.381392483056069542e-01 9.950784552139424477e-01 7.005847692489624023e-01 9.980233918128654791e-01 7.799479365348815918e-01
7.685083021417054017e-01 9.657491560505147010e-01 7.406038200862600229e-01 9.951247756354583140e-01 7.029239535331726074e-01 9.980467836257309600e-01 7.825520634651184082e-01
7.725262066647642367e-01 9.656870038049261140e-01 7.421538461538461640e-01 9.951479358462161917e-01 7.052631378173828125e-01 9.980467836257309600e-01 7.831168770790100098e-01
7.810369279615585469e-01 9.656396524722288266e-01 7.409230769230769065e-01 9.951247756354583140e-01 7.040935754776000977e-01 9.980350877192982750e-01 7.818182110786437988e-01
7.561620634112602435e-01 9.656437835039799467e-01 7.251461988304093165e-01 9.945573504718893121e-01 7.251461744308471680e-01 9.972514619883040554e-01 7.251461744308471680e-01
7.696729835933141528e-01 9.657682459190575219e-01 7.337624341720304644e-01 9.947310520525737276e-01 7.333333492279052734e-01 9.973450292397660899e-01 7.341920137405395508e-01
7.708229883077661881e-01 9.657324536861033870e-01 7.332101047443007058e-01 9.949858143709108260e-01 6.959064602851867676e-01 9.979766081871345174e-01 7.747395634651184082e-01
7.702025327517276754e-01 9.658558627683342390e-01 7.384615384615385025e-01 9.950784552139424477e-01 7.017543911933898926e-01 9.980116959064327942e-01 7.792207598686218262e-01
7.669958005286152680e-01 9.656202892912061353e-01 7.339901477832512233e-01 9.949973944762897649e-01 6.970760226249694824e-01 9.979766081871345174e-01 7.750325202941894531e-01
7.750568629211713745e-01 9.657698053974678176e-01 7.353629976580796646e-01 9.947657923687105441e-01 7.345029115676879883e-01 9.973684210526315708e-01 7.362250685691833496e-01
7.715907038391968120e-01 9.659441153354810794e-01 7.401477832512315391e-01 9.951131955300793752e-01 7.029239535331726074e-01 9.980350877192982750e-01 7.815344333648681641e-01
7.655109182338761808e-01 9.657672130475963845e-01 7.259953161592506143e-01 9.945805106826471897e-01 7.251461744308471680e-01 9.972748538011695363e-01 7.268463969230651855e-01
7.927591019239741410e-01 9.725454666868985631e-01 7.419543592744295424e-01 9.948931735278790933e-01 7.415204644203186035e-01 9.974269005847953284e-01 7.423887848854064941e-01
7.911492641229118661e-01 9.724947161099366522e-01 7.524630541871921707e-01 9.953447976376584849e-01 7.146198749542236328e-01 9.981520467836256794e-01 7.945383787155151367e-01
7.743464823084255100e-01 9.724731708473977054e-01 7.492298213185458744e-01 9.952868971107636797e-01 7.111111283302307129e-01 9.981286549707601985e-01 7.916666865348815918e-01
7.893642988186529985e-01 9.722960633733119806e-01 7.472256473489519157e-01 9.952521567946268632e-01 7.087719440460205078e-01 9.981169590643275136e-01 7.900912761688232422e-01
7.944412974411332318e-01 9.725544473456533279e-01 7.454651843183147664e-01 9.949626541601528373e-01 7.450292110443115234e-01 9.974619883040936053e-01 7.459016442298889160e-01
7.769117309482802547e-01 9.723755409424764684e-01 7.431246342890579504e-01 9.949163337386369710e-01 7.426900863647460938e-01 9.974385964912281244e-01 7.435597181320190430e-01
7.718810469747897640e-01 9.723502339802637673e-01 7.461988304093567503e-01 9.949742342655317762e-01 7.461988329887390137e-01 9.974619883040936053e-01 7.461988329887390137e-01
7.949937478838137173e-01 9.724722408423123188e-01 7.512315270935960854e-01 9.953216374269006073e-01 7.134503126144409180e-01 9.981403508771929944e-01 7.932379841804504395e-01
7.957992806058671320e-01 9.726153822384381309e-01 7.529266789895255885e-01 9.953563777430374238e-01 7.146198749542236328e-01 9.981637426900584753e-01 7.955729365348815918e-01
7.852437754862967578e-01 9.723850412281631606e-01 7.516943930991990541e-01 9.953332175322795461e-01 7.134503126144409180e-01 9.981520467836256794e-01 7.942708134651184082e-01
7.761070400453026208e-01 9.724070718987294359e-01 7.458461538461538254e-01 9.952174164784899357e-01 7.087719440460205078e-01 9.980818713450292368e-01 7.870129942893981934e-01
7.961935848595429466e-01 9.725025063245965606e-01 7.516943930991990541e-01 9.953332175322795461e-01 7.134503126144409180e-01 9.981520467836256794e-01 7.942708134651184082e-01
7.754199778805016541e-01 9.722589309379371381e-01 7.463054187192118549e-01 9.952289965838688746e-01 7.087719440460205078e-01 9.980935672514620327e-01 7.880364060401916504e-01
7.897218093850665310e-01 9.725627640654818107e-01 7.508771929824561431e-01 9.950668751085635089e-01 7.508772015571594238e-01 9.975087719298245670e-01 7.508772015571594238e-01
7.955566899861180596e-01 9.725067470397865677e-01 7.516943930991990541e-01 9.953332175322795461e-01 7.134503126144409180e-01 9.981520467836256794e-01 7.942708134651184082e-01
7.919598736342858825e-01 9.725981050374213899e-01 7.598522167487684609e-01 9.954837589022059730e-01 7.216374278068542480e-01 9.982222222222222330e-01 8.023406863212585449e-01
7.855697306410380776e-01 9.724651068126596298e-01 7.410870835768555986e-01 9.948700133171212157e-01 7.415204644203186035e-01 9.974035087719298476e-01 7.406542301177978516e-01
7.817887670243196530e-01 9.724616666008331078e-01 7.384435342305442074e-01 9.948236928956053493e-01 7.380117177963256836e-01 9.973918128654970516e-01 7.388758659362792969e-01
7.973099783887520609e-01 9.726578773796035193e-01 7.418361059765865573e-01 9.951479358462161917e-01 7.040935754776000977e-01 9.980584795321637559e-01 7.838541865348815918e-01
7.859008829350135894e-01 9.724682737554025680e-01 7.479975354282193400e-01 9.952637369000058021e-01 7.099415063858032227e-01 9.981169590643275136e-01 7.903645634651184082e-01
7.828553422222220837e-01 9.738145074352884123e-01 7.406038200862600229e-01 9.951247756354583140e-01 7.029239535331726074e-01 9.980467836257309600e-01 7.825520634651184082e-01
7.811999693609528173e-01 9.736653056888899815e-01 7.385943279901355796e-01 9.950900353193213865e-01 7.005847692489624023e-01 9.980350877192982750e-01 7.809647917747497559e-01
7.712829471347331101e-01 9.737274923228729229e-01 7.319778188539741715e-01 9.949626541601528373e-01 6.947368383407592773e-01 9.979649122807017214e-01 7.734375000000000000e-01
7.815813237716460193e-01 9.736318320421099015e-01 7.356746765249537745e-01 9.950321347924265813e-01 6.982455849647521973e-01 9.979999999999999982e-01 7.773437500000000000e-01
7.845599057632776097e-01 9.736994288733654690e-01 7.372732592159156884e-01 9.948005326848474716e-01 7.368420958518981934e-01 9.973801169590643667e-01 7.377049326896667480e-01
7.623559023651411692e-01 9.732694095780974886e-01 7.236533957845433518e-01 9.945341902611313234e-01 7.228069901466369629e-01 9.972514619883040554e-01 7.245017290115356445e-01
7.740022388404468323e-01 9.735323963377907619e-01 7.306273062730627155e-01 9.949279138440160208e-01 6.947368383407592773e-01 9.979298245614035556e-01 7.704280018806457520e-01
7.804898264085046167e-01 9.737189971361069896e-01 7.430683918669130916e-01 9.951710960569740694e-01 7.052631378173828125e-01 9.980701754385964408e-01 7.851562500000000000e-01
7.851941505615023242e-01 9.738139737522044648e-01 7.353629976580796646e-01 9.947657923687105441e-01 7.345029115676879883e-01 9.973684210526315708e-01 7.362250685691833496e-01
7.793182237597557904e-01 9.736727745886784025e-01 7.455329636475662713e-01 9.952174164784899357e-01 7.076023221015930176e-01 9.980935672514620327e-01 7.877604365348815918e-01
7.663503165343865664e-01 9.736414486797232426e-01 7.458461538461538254e-01 9.952174164784899357e-01 7.087719440460205078e-01 9.980818713450292368e-01 7.870129942893981934e-01
7.859558411762952446e-01 9.735655279436655762e-01 7.393715341959334886e-01 9.951016154247003254e-01 7.017543911933898926e-01 9.980350877192982750e-01 7.812500000000000000e-01
7.714035184506098375e-01 9.734172565066501193e-01 7.323076923076923261e-01 9.949626541601528373e-01 6.959064602851867676e-01 9.979532163742690365e-01 7.727272510528564453e-01
7.793244430969259451e-01 9.737133613139042909e-01 7.326367547633682031e-01 9.949626541601528373e-01 6.970760226249694824e-01 9.979415204678362405e-01 7.720206975936889648e-01
7.840515674994947837e-01 9.735401523325875051e-01 7.418361059765865573e-01 9.951479358462161917e-01 7.040935754776000977e-01 9.980584795321637559e-01 7.838541865348815918e-01
7.799781421741016629e-01 9.737675112979976566e-01 7.492298213185458744e-01 9.952868971107636797e-01 7.111111283302307129e-01 9.981286549707601985e-01 7.916666865348815918e-01
7.762729682437914391e-01 9.735445298827879457e-01 7.352216748768473087e-01 9.950205546870476425e-01 6.982455849647521973e-01 9.979883040935672023e-01 7.763329148292541504e-01
7.768645927719090016e-01 9.737529495408138169e-01 7.418361059765865573e-01 9.951479358462161917e-01 7.040935754776000977e-01 9.980584795321637559e-01 7.838541865348815918e-01
7.812493427498907739e-01 9.736976027063458661e-01 7.443006777572396260e-01 9.951942562677320581e-01 7.064327597618103027e-01 9.980818713450292368e-01 7.864583134651184082e-01
7.732242160160519573e-01 9.735475601175723748e-01 7.323076923076923261e-01 9.949626541601528373e-01 6.959064602851867676e-01 9.979532163742690365e-01 7.727272510528564453e-01
7.655741196713274910e-01 9.563619494944741728e-01 7.329434697855750080e-01 9.952461367632090550e-01 6.588785052299499512e-01 9.986098130841121190e-01 8.257686495780944824e-01
7.734932116780208755e-01 9.564898810611395241e-01 7.392373923739237185e-01 9.950957712593688775e-01 7.021027803421020508e-01 9.980257009345794295e-01 7.805194854736328125e-01
7.647604431836615424e-01 9.563865766400977408e-01 7.335384615384615836e-01 9.949916720644027546e-01 6.962617039680480957e-01 9.979789719626168676e-01 7.750325202941894531e-01
7.609408500691646760e-01 9.562070235063400148e-01 7.277452891487978803e-01 9.951536041454612791e-01 6.542056202888488770e-01 9.985630841121495571e-01 8.199121356010437012e-01
7.765339322635771424e-01 9.565093493270121483e-01 7.453874538745387524e-01 9.952114370315535696e-01 7.079439163208007812e-01 9.980841121495327428e-01 7.870129942893981934e-01
7.573091152539866977e-01 9.560521515563270567e-01 7.251461988304093165e-01 9.951073378365874467e-01 6.518691778182983398e-01 9.985397196261682762e-01 8.169838786125183105e-01
7.541549005797129057e-01 9.560413090791554103e-01 7.311688311688311348e-01 9.952114370315535696e-01 6.577102541923522949e-01 9.985864485981308381e-01 8.230994343757629395e-01
7.664914087503666984e-01 9.562988574936045483e-01 7.329434697855750080e-01 9.952461367632090550e-01 6.588785052299499512e-01 9.986098130841121190e-01 8.257686495780944824e-01
7.634119804371504170e-01 9.564615557715298033e-01 7.342430149447692900e-01 9.952692699176459712e-01 6.600467562675476074e-01 9.986214953271027595e-01 8.272327780723571777e-01
7.700273594652364828e-01 9.564882094527933365e-01 7.407407407407406996e-01 9.953849356898306633e-01 6.658878326416015625e-01 9.986799065420560728e-01 8.345534205436706543e-01
7.534580270107615885e-01 9.562252839039314667e-01 7.330873308733086846e-01 9.949801054871841854e-01 6.962617039680480957e-01 9.979672897196261161e-01 7.740259766578674316e-01
7.683394780305075056e-01 9.562274945463776765e-01 7.316439246263807261e-01 9.952230036087721388e-01 6.577102541923522949e-01 9.985981308411214785e-01 8.243045210838317871e-01
7.547212129844385053e-01 9.561614955777181235e-01 7.242050616482803571e-01 9.950842046821504194e-01 6.518691778182983398e-01 9.985163551401868842e-01 8.145985603332519531e-01
7.749411690304549571e-01 9.564287060817755481e-01 7.407407407407406996e-01 9.953849356898306633e-01 6.658878326416015625e-01 9.986799065420560728e-01 8.345534205436706543e-01
7.633804851178191964e-01 9.563498170390968278e-01 7.246753246753246946e-01 9.950957712593688775e-01 6.518691778182983398e-01 9.985280373831775247e-01 8.157894611358642578e-01
7.622758233920462478e-01 9.563383258356948913e-01 7.384615384615385025e-01 9.950842046821504194e-01 7.009345889091491699e-01 9.980257009345794295e-01 7.802340984344482422e-01
7.588671978722361100e-01 9.562273173373644353e-01 7.246753246753246946e-01 9.950957712593688775e-01 6.518691778182983398e-01 9.985280373831775247e-01 8.157894611358642578e-01
7.611007449960297544e-01 9.562070372947883978e-01 7.355425601039635719e-01 9.952924030720828874e-01 6.612149477005004883e-01 9.986331775700935109e-01 8.286969065666198730e-01
7.678324211088198847e-01 9.564687479680805682e-01 7.324675324675324894e-01 9.952345701859905969e-01 6.588785052299499512e-01 9.985981308411214785e-01 8.245614171028137207e-01
7.633588617731179582e-01 9.561949998572052412e-01 7.327586206896551380e-01 9.949801054871841854e-01 6.950934529304504395e-01 9.979789719626168676e-01 7.747395634651184082e-01
